100
1.06 -41.24 -40.91 8.87 3.75
1.83 -54.55 -23.73 1.61 -4.44
1.41 -8.05 74.19 -6.52 -1.31
3.78 84.06 -95.48 -5.41 5.07
4.06 -61.25 -79.83 -6.08 4.18
3.91 72.42 79.57 -4.35 -5.59
3.37 61.61 -1.78 -5.53 7.97
0.54 -84.81 -15.93 9.79 0.62
2.08 35.39 4.02 8.7 -4.4
2.63 -83.89 18.01 -0.39 -5.83
2.86 63.64 4.07 -7.5 0.34
2.09 -19.07 72.5 -6.64 -6.61
2.76 30.39 -58.54 3.02 0.47
1.64 96.62 14.64 3.76 4.08
2.05 7.13 -86.71 7.29 -7.88
1.36 43.67 -40.88 4.2 -9.5
2.61 80.65 -50.78 6.54 -1.0
0.65 46.28 40.94 -8.13 -0.86
4.36 22.07 -22.26 -8.4 2.37
3.68 16.34 62.87 3.69 -0.08
1.6 -6.38 -60.41 9.72 5.47
0.92 40.13 -70.19 -8.38 1.86
1.6 -95.51 -11.77 -0.63 -3.05
3.92 -97.98 -63.98 -1.63 4.23
0.93 90.43 24.08 3.33 3.98
3.71 -81.5 -34.04 -7.46 -1.99
0.96 -13.23 96.5 -2.41 -1.15
1.69 -56.24 -30.09 6.04 -5.03
3.11 87.75 -55.49 2.16 -0.4
3.44 -7.02 -58.86 -9.49 6.33
3.72 -14.24 28.2 -5.03 5.63
4.27 -9.11 -19.37 6.65 -7.57
4.12 16.17 -0.95 -6.57 1.34
2.3 73.34 -27.74 -9.32 0.41
2.19 -42.62 -35.49 0.71 -2.03
1.18 68.9 14.33 -4.54 7.01
2.11 -60.84 -95.65 -4.75 8.28
3.64 83.83 34.91 4.3 -0.73
4.99 -50.71 -46.06 -5.13 0.44
4.38 -56.25 -60.03 2.38 8.9
4.33 3.15 1.41 4.25 -7.74
4.21 -16.69 17.53 -7.54 -1.94
2.74 -28.82 -50.46 -9.79 -4.43
2.94 -18.92 -2.84 -3.21 -2.6
1.34 45.9 -15.02 4.73 6.34
3.06 26.98 -31.43 -4.16 -7.07
0.96 94.74 -15.61 -1.0 2.79
0.67 30.26 65.56 0.56 -8.56
3.97 -6.95 25.34 6.16 -8.92
1.87 17.49 95.39 5.33 3.39
0.87 17.63 -82.69 7.4 -8.1
2.08 73.72 31.18 0.84 -0.97
3.82 -82.39 5.5 -5.84 2.19
2.88 -71.33 30.7 9.43 4.07
4.65 24.32 57.52 4.49 -8.65
4.04 96.73 -28.06 -9.14 6.14
3.15 86.86 -61.62 8.51 -0.91
2.98 -28.35 46.81 -5.11 3.47
1.4 -54.92 -98.46 5.52 -2.34
1.91 -58.7 -8.84 -1.37 -3.53
2.42 -5.7 -18.53 -4.04 5.27
4.14 -64.57 -96.11 -4.8 3.84
2.6 -23.91 73.13 6.7 7.95
4.07 91.79 71.09 0.29 2.53
2.25 -1.17 -65.91 -1.89 4.66
1.39 -63.54 -41.52 0.45 6.49
0.59 -45.5 -75.38 7.61 4.08
1.62 -14.74 -38.4 -3.89 -6.73
0.53 -71.58 -22.14 9.28 8.44
3.54 -80.34 -54.18 4.8 -6.04
2.22 84.47 -24.55 -8.36 -2.83
1.76 18.58 -87.71 -1.12 -1.56
3.65 16.56 -55.81 -5.7 1.55
1.08 91.11 12.74 -7.13 0.96
2.09 18.56 72.0 -5.0 5.28
3.91 -53.28 4.07 0.79 4.94
1.7 -4.34 -21.61 -7.65 -6.09
4.58 -14.58 -86.51 2.67 -6.83
0.68 69.21 6.25 -7.03 -1.98
0.92 -95.66 46.07 -1.45 9.18
2.46 91.0 52.66 7.09 2.59
4.44 -35.68 79.13 9.15 8.39
4.3 55.78 65.11 -7.79 0.12
2.47 -17.18 -10.25 -0.34 -7.63
1.13 96.87 74.85 -3.83 -9.2
0.85 -71.85 53.81 7.49 -7.56
4.81 -76.24 -72.54 8.05 0.54
3.87 5.74 -86.52 -1.23 -7.77
3.76 -51.62 19.27 5.25 -6.46
3.58 -91.73 40.88 -5.68 8.57
0.53 56.04 -60.65 -1.75 -5.53
2.81 82.76 -72.17 2.93 5.15
4.73 70.66 -95.42 -6.92 0.05
3.36 57.73 -10.7 8.94 -3.68
3.56 23.9 -18.46 -5.34 9.13
4.07 -23.84 -1.69 -2.94 -9.37
3.33 22.37 -41.08 -9.55 5.32
0.54 77.05 8.94 -9.09 6.1
3.96 -28.64 72.34 9.96 2.41
4.89 -5.89 33.87 0.28 4.43
