1000
9.246074378807359 35.71769970350661 -97.91780285059963 5.19439309846044 8.852721779319847
3.5978298975916605 87.21205817186319 74.90449771882115 -8.540651655033871 2.2799296398281026
2.1795176296203778 -81.0594957224103 -26.827355809267914 -7.431676822160027 -5.129638981537243
1.5867888556227454 74.93580004788063 -87.0745936761237 6.6314205091415275 -0.03323274048185354
2.952233795869058 43.984109337116394 -65.7250290483318 -8.361253795326835 -9.362179604593877
5.061930970015871 -62.256476629349386 -21.257116791223012 3.4821788716647895 -4.110548114420349
5.9383280854171945 -51.74976658409744 72.55501892157503 8.6165704102621 8.548631038262911
9.799054594085232 51.24903216534517 -39.62545408400846 -8.104110085335588 -8.798280314989317
3.780311520582198 -67.1466373391459 88.96422918050584 -0.9769490882465863 -7.428732086948799
5.620580810168814 34.659792395694524 -78.38073557323222 3.6780604023156993 -7.60606465505512
9.468440778852065 -79.14697970994322 14.743451178713741 2.6971790983296806 -3.7920479280711277
6.672332922351578 92.71330697901948 -50.49217663745398 -3.995909776342115 5.354990611191798
5.131265109376689 -59.31806971922846 5.107806535750029 -9.803966150961367 4.018435444592281
8.460500270524829 -87.04557368723587 -7.524979034293281 7.867618530833539 7.020944698591222
4.687338320375773 -59.88283848636471 -13.819948012230896 -3.1798944969878873 -1.641204687445903
3.0684046779378935 46.97683975823375 -25.149525314738995 -2.000447972124439 2.6898359063802975
7.754233738844428 62.445853521520036 44.71485750513472 -8.996089665601222 1.0420634910151634
3.839339910078369 -62.71611090938165 -56.60064205866098 -1.6481455246680898 9.59612878954324
9.885871394243452 62.27365456323821 11.523549198536998 -9.04157261794261 -0.7243495781926192
7.9696207990548045 -41.73399965596043 55.74856145739031 0.6412316820544461 0.1825135410113461
3.000774487939689 -34.941517144087754 -0.4739579756496397 -3.8420741169124835 -5.480416778252457
3.1467033070964185 42.50240865194678 -64.93191963759614 3.469666782377086 -1.5097537526617941
7.461535127434759 25.75497406690728 -22.600820828680995 -2.817948801705832 -7.297967279971978
5.659153715005189 -65.8112883331547 45.22872516852118 -8.99863597938892 6.122378888590767
3.2830490054062405 -29.825413464032536 43.28868299906205 -2.379627903330026 1.9443578729413602
3.352587076583555 24.655008516786665 -22.823372335737304 -0.5536477837869249 9.80610233968076
5.358784879055303 21.82914421789424 -42.37401264641885 5.878035207045119 5.143229111572293
5.628864360581315 -67.23623609290505 33.475279743126976 -3.5423493653037657 -8.290060901126584
6.219224387820088 -25.34618845075937 25.52390612400508 3.7110844727920007 6.735823964662547
1.5645245580085207 -41.18389652579219 15.875493648666918 -3.986971469501686 -2.809275364217858
3.005116667097948 -5.859610921036477 -94.2587062367126 -4.253703462339821 -9.968313720503021
2.3545283736743805 38.46594308136585 81.22322375963108 -5.737607341984163 5.864011813562765
5.054077835994118 95.77888261363168 47.30986899497063 -6.648260320991346 5.439796211669194
9.544910023520579 88.56521210776904 -72.09908640766152 -4.5820169825950146 -8.957612895081537
1.1351484185871774 -10.051549270939873 -26.17809912629083 -9.084043835575724 8.171587930943407
9.75766350843621 -91.40460537414074 -86.81041572574047 0.7288561263741222 -5.638769627934925
4.125482106826519 -17.17424816814537 -22.903393774771928 9.628476022058742 -3.2810562588397545
4.977922240183229 -50.926817782139786 -83.81239969310155 4.052018672721738 6.813814263619527
3.9189638439748267 -68.77056799516856 24.443247243776284 -7.550085435570233 8.863422804831316
4.363270519378841 -58.841786964900166 -42.88437722523766 6.231885766229716 3.185964289492242
4.895525798097606 -19.376003659811985 -95.25944066494942 -1.7039574634382255 -2.1848033694898294
6.715476071181394 -96.39846488064335 60.690900433138324 7.25145828454259 -0.5321733721811093
1.1366273797045332 75.17623422132107 96.43605765218555 -9.309764372831772 -1.1321796427424946
9.226327083436898 -10.800301500218666 -96.28664442500687 -9.166333396064147 -4.422046731195306
6.296789282742495 50.899155016880655 -44.68285704401524 -5.483539462340792 4.144392629272398
6.35364252380466 48.749906648676415 -82.03773046455913 5.566912041161755 2.2962456062856127
5.917818817765004 -76.04812251611804 75.23294011134314 -5.254002160420175 -5.89008597871074
3.307825382703322 87.25480872758479 -84.67505400417268 -7.469692898865894 4.436513371445233
6.314592724297114 -81.66414219573619 54.236435909104614 -5.006307186843628 -3.3605753908814613
2.88027270568902 -87.88594889010395 43.99000301555637 8.050078360484608 2.6794477434010506
4.603757418956435 -3.908997707353265 -78.31647468099676 -9.008114828612968 -5.018171160982574
6.029267101841331 94.07187773934601 53.741743565575206 8.015827278067519 -9.798868262434928
2.410062508118745 -6.159728841988169 46.56356752741726 -3.7227077015089804 -6.524673314888661
1.5743030790960826 -34.73243205275966 72.31018748464598 8.824523694695845 3.4020808608967545
1.8404678167262427 29.652504263284015 50.80686465865932 -7.737690987729757 -7.460636349185861
2.0182674154477818 53.62447750741387 -88.66430767149424 4.6937418550138155 -5.9351001329892235
9.934535323517435 83.12932392867708 -76.83612069190184 8.711289218018173 8.853976900633775
4.052355073438834 68.66006397828554 64.71826357539521 5.256703361377648 5.011155257458205
8.748861596136575 -78.86194166353289 65.751633156776 7.201391632322888 1.6879483574535037
7.803060238669382 -31.62370016419716 40.185817782727156 -1.2179596602785132 8.431681334059391
1.933292658366494 48.83611318316909 14.017289985821321 4.347233383518251 -4.96250012309154
6.1629477577874106 42.8184911168924 -43.61896018165192 -6.732546471910547 7.717415401733344
9.71055492095864 18.81772618415576 -97.45946003659198 6.416907720110341 -2.739945955269212
1.0750607287777583 -13.466034103328852 -99.659181180188 0.6085978369081886 8.251368885410177
2.4200524282139346 -81.21625611290233 -49.43551199657592 3.5454745615202867 4.497337048251687
7.41760933887606 -47.40908013448109 -46.248410731955424 6.819991909733961 -3.356339499529744
9.079298516390814 -71.2922460193081 -59.89481373830443 -6.506539490170111 8.074324028637765
7.167255327893898 66.37273296211546 49.09788307869377 0.5041243526395238 8.885659059259801
3.096524154718706 -35.2438457852906 73.88717916787098 2.166451206973079 -6.466422634075329
3.6522169715948483 -5.019030256223516 49.20891120168227 -7.631378450398804 4.72345361465365
8.56009394985989 56.09678096352516 14.378835454488794 9.895886087285156 9.42502947871753
4.061690211493454 -28.591717176496573 -95.79903083645559 1.5762346625270496 -6.1734786000900925
8.299869324458008 67.65037713667706 31.073583640130067 -5.73977330721954 1.8836127659536412
7.1997741630519245 20.691497819021933 -71.42027492201598 -4.41791684369822 -4.705936294211841
6.425909250579174 -61.42882352888775 -33.963005232875986 -7.6350280785641145 -9.438654985872441
5.72458906315502 62.22509325900799 -87.53643255419172 -9.207485816519217 -0.18023903097420302
6.441065521693975 11.92990345136775 80.53254980134872 -1.0924347568625912 0.041430257964607975
6.111545902514053 25.034261034568857 20.86405140807672 3.9796311753434424 5.994290617669373
3.8293341251218216 -16.32916002898233 -36.285418480247976 9.742503043356503 4.625679108393905
3.703633603890836 6.046709177509072 61.15597862023537 -8.66570762550621 -0.5145165877463675
7.416689256523173 30.496241128660472 89.30755614578473 -5.594032165594413 2.8024376874126737
8.805431492056545 89.81303038398568 55.04124341394487 7.477691994135821 -4.032047414907192
6.832071604038317 -34.33301494249133 7.383197887899897 -1.761074072952674 8.935862293706041
3.465541803479399 75.69524240705209 94.0939118045383 0.3039880522441365 6.922233725573211
7.985105835460577 -64.81870955955961 75.308980478752 -5.058247648091703 -2.051893519329429
9.914098094152358 -90.92966332382424 -60.09971089764245 -5.094506699440555 -0.29846968804774043
9.53717141824807 -53.78895029769688 75.47838029932763 -1.630243919114223 -8.32991434880009
9.204511922742915 -5.883186018682181 -63.21009863286344 -0.5284087600031029 -5.586565970360868
4.549565972419579 -87.1962231957036 -5.2538844676741405 -2.953257932813389 -1.0905175227982067
9.868422424968854 61.19293008044565 17.863513677903313 9.865358208698382 4.756972646954365
5.494949209571184 -37.770317768208514 77.73314961821336 0.6317266634515502 7.235634254965067
6.009762894121134 19.094202842449775 55.20332101740192 -3.133531903044304 8.935599669982711
6.1424159539917715 1.650502282204073 53.759247487646945 3.572710121640979 -5.451630252950093
6.58992222811545 44.138187091094466 91.04879352396412 7.238682168217824 -1.9648138351561943
1.1783761169457283 18.098959853472095 -56.25272526844203 0.3595535155778844 -6.268089489654864
9.833084045489398 -7.8334472267915345 -29.654037209282052 -3.1539267753487206 9.054426996594334
8.159879313969371 -31.636093813984715 -88.553417593113 0.43572851311977345 7.919876086589753
9.931953817057606 25.30572682078207 60.76804935800203 -1.2919469273189748 6.2676802762935395
9.643882188268694 -45.45800934770965 -71.60151972659887 7.849702689372442 -7.849451971542091
5.049524313340972 50.661649913689246 98.55991870500608 -1.0844611948741019 -1.6769432993635078
2.6595632983874182 40.87738084743182 2.1588309790310944 2.4165459000615215 -4.456990770569449
4.992572839333231 -47.782382022612154 -48.78827469479101 -5.602617729370827 -5.481208546883643
2.011228219871873 -71.70473391695995 74.61134305135022 5.720354095431105 6.464347165192343
8.27925597655195 -93.26017561381204 86.58987790976386 9.974821673222841 8.783450633592217
1.674874320093045 -88.15546738241771 -18.80195856809617 -6.604567126462859 -7.273267410695428
5.967127865370966 80.6904159037689 -66.09403319050271 5.382435437532923 9.273986720304332
3.651589995234404 -42.79752980568483 88.69186952523151 -1.3423215072983723 2.656602361231151
2.9306925115398306 13.552402759872734 26.812842351792227 8.806545922829688 6.581439553231952
1.8573302370417841 -4.517017593082002 22.547538385726938 3.2012271139797104 7.5355159137651775
1.361042871991168 15.19191830879268 32.55551025946713 -8.45761936265021 -5.018267594853043
8.389046688103383 47.40931142657985 -42.99035419255883 5.565686078970717 2.7033436565643516
8.413134790969236 64.25892708035312 96.4231140581384 8.175062973108936 -7.812195899501901
1.9550488490171487 -53.14003895074 -43.468373946721094 -3.2935812832395106 -9.502177844056781
7.1746725917699 -11.214554545926632 -80.67447986174336 -7.258634108246611 0.49661746880465074
4.87111866992879 -34.240236421180924 -44.21612953263221 0.5343812894860793 4.336810795731498
3.0139532139913303 58.625816957424576 31.909720417289208 2.134060650554675 2.389136337170651
1.927750726689892 67.23261555347807 94.174911513153 7.919232276580853 -2.127305367315553
9.497862364597797 -30.534814024050007 -6.770407343367694 7.437666029154066 0.9228001347133841
9.361239495751564 49.49872625245567 40.430443718130306 3.925767294667132 -4.05845406931779
7.642256262170728 -64.04338407509766 11.019287061198838 -3.40079207977727 1.0265230353261945
8.692505108873025 -23.63935109027304 57.70361743974232 5.245409243150188 -8.076194694646484
6.036502505240016 0.523077731312398 10.971943588700299 4.902713413656274 -6.100837270916926
5.262194156280453 -41.869218415471046 29.51340368913918 -2.2204317829632902 0.576762307950613
2.375561586977496 63.12829520543525 28.081451651856298 1.7213102460398755 -7.443867133727087
4.378441672648782 3.1321735694604342 27.24712547411812 -1.8372235533186192 -6.118983438544641
5.416695725498507 31.27825153875895 24.829996778478744 5.062074783051159 -0.7488954586439167
4.0402955936878575 -83.83680723599679 -0.08945302622602469 -7.371700631820135 -0.9017845667540136
2.7858629795934426 7.50986425463293 -12.85807851032294 -6.18713867564886 -6.900317318490384
3.2135802960503064 59.85155844949503 18.245543525950154 -9.305031677803811 5.202943153693187
9.716627335238332 -24.405546134740376 -82.09346231951537 1.7722488215543493 -8.713251517212
9.308754270925343 -93.83737019319287 -46.50347431092723 8.367665538907382 -1.7418266419992712
2.6136017705519996 -57.40720002373898 95.46589013420302 -4.771927702506973 5.6138855421213485
7.314666805912305 44.60348264456499 43.093969762797485 7.047708795181769 3.7654016969368147
2.7428264879103827 13.856468829194199 52.488352941764646 -8.08890921050569 -1.8667767356509106
6.068575413689438 86.66660014261495 -53.60844374982487 3.9317819060868793 -8.903155076448561
2.5798181851868853 13.207657806928296 -27.382781576364977 -6.109835016846001 6.140765919580666
7.238647321789772 2.258110488417927 77.54205260032063 6.274788833392254 8.722212914013333
1.332841296456857 74.80376067467577 -40.59637691466516 0.4874336442911176 -4.509096310885969
5.050548273390943 19.87257671662283 44.46209047268212 6.522346588319834 9.672537441800376
7.550622141845535 14.740159819439128 66.62617764842679 7.701297141294315 7.391720901654185
1.1966587319561055 3.953954551102072 -83.08133434321422 8.145735430001338 9.21440156333005
1.2105210206544552 -95.88890818988635 43.75247615115629 -8.764063472855245 -4.624321488269723
2.0921308572476214 -24.195427661082675 45.02924281467989 -8.627856839052338 -4.038094208733631
6.731688939094259 37.746010838186265 50.49085519059375 5.58484119984546 9.405070668299938
7.113034176820423 -28.957405856227254 21.18636247009269 8.812028733158794 -0.4075832755272035
2.533155886035583 39.72279217873381 -71.31676057959999 6.18118709375155 -4.844707451855612
1.9740369621590586 -46.6521558185945 -14.943990092421359 -5.275282356763274 1.2886035730790635
1.6638238679098736 58.192525727898925 98.87753653292154 -6.096041260712384 4.540278877155377
6.0553657572340205 -17.153237362470833 -2.4119011002699153 5.782934363432993 -9.55860142196942
7.12031885440744 42.540030260896685 -58.716261751232764 -3.7043259481890107 9.801989895835625
2.8979897302010027 52.33895132598823 -83.64628600493498 -5.172745251131237 -9.85550125260741
4.429885101715546 75.4721062482223 -9.286133734670997 -0.2879958106422862 -7.7927512779256825
9.263057891196603 -67.90222579080975 17.67774908243041 0.01672554555651473 3.3810816149724214
9.756131172807558 27.5605138439133 87.24803166879997 6.262528254783554 7.960896332637539
9.030468476164723 3.3168839093068385 90.49303673707774 3.2802373044194866 6.468732472436347
4.053184616569896 88.54541341120691 41.80181984730561 -7.097045590707793 -4.5028646200447415
1.0322133999861687 -72.84650511862993 -66.88232828053387 -4.165715234613245 5.060528571898564
2.4445277779676307 -72.62401958494102 6.745315903804894 0.19103253738640547 -2.6258072667024006
5.0386405785253086 96.4020415768747 26.56087060153854 6.680694999724004 -2.643271241595726
6.215854562463753 -29.841782506922797 -95.4358951315988 -0.9572706483559852 -7.409246480316258
5.746013778774483 -10.930034268520643 59.95706063873533 -9.031550442932835 -3.0068052479808616
4.205164788855573 -8.819610911259929 -8.737032170352649 -5.204109158864359 -6.999791917785583
5.251332145555353 65.39367334534128 -82.16669249597388 0.7750678543794169 1.207049612921514
4.596675649461404 25.833610036994344 -9.979509104817993 -4.451838662905048 7.957087074814645
1.7499884436560935 -5.440568831714245 67.7775356951156 -1.7039342131033308 0.6388545821658731
7.968314415494796 33.64992618431501 94.48454362279242 0.13154055674699627 -4.458196681740674
8.192055717703541 -35.9952153845738 -79.32659224411918 6.981529889209149 -0.19781172079634857
9.257173576819921 -28.449340044938552 -77.31471797584182 2.0499844788883 -1.6475900049212804
5.18304047683446 18.177315893137845 -31.60630903102873 -4.151884309915978 1.629290791026028
6.722742085879216 3.4520620531480546 -38.89141998198136 -9.674102841259227 8.744074264957355
2.126333122302928 49.705075687385346 -27.42008882573485 -3.471162386682149 -3.8844104429024267
1.759912918282497 -60.66467554819974 -48.98517321324321 6.657916333904389 9.926825382373568
4.8474966516974884 28.173690032925663 20.516307072498336 8.560311746895497 1.4141304249863182
7.978795116564772 69.54031762057647 38.522137118234326 -0.8713564861728091 -9.355412779181938
2.5642789753748763 82.78378071105939 26.974768893477233 9.341609272573667 3.064092435614029
6.744732237618022 89.41898769745998 -62.6825482504167 1.0155362206098832 5.187852050072674
2.9621007570369313 -91.36536255543797 13.838249108853944 2.949016350457507 -8.506973105785182
2.945807950893485 54.94695829656658 1.8025716586760296 -1.1871599070381187 0.8361453785992659
2.210649108083605 80.70900594587482 9.441180406219218 -6.503193933229001 -6.687426248707496
8.680878339160977 -50.32307952236887 11.055117368992256 1.4230437615246956 1.1447514241693053
5.133883932474191 -18.000839586766702 -11.974021666614874 2.6416762594842886 9.483547406396212
8.75101802535491 34.89011222107413 -67.22068211568842 -9.95653668462765 0.32565471396803325
8.587748769500868 99.9104597553814 -8.062676364084126 6.959834034568104 -4.926510820699863
8.278769362225603 -95.68420089854553 60.19754496036933 -9.235992968282947 6.754603618735537
4.938367157517897 -86.6891128680368 64.31368705051852 -3.4192966002772174 2.692024246444088
6.8089247039334015 76.75685504435964 -29.486189007347747 8.563684173720787 -5.2241481099822344
1.723020992520854 -81.16903270913281 -97.99902906540339 -3.5783333615402118 1.5098752731085447
9.57390771332363 -32.39934420560277 -94.02126926714962 8.172599206253889 3.9684089943379757
9.398004001375163 71.48838992544785 18.343326240481588 7.167711022273526 6.396977937782729
3.154889377623195 -93.80694579516076 -77.19477569164059 2.660423954712126 1.9195194476722293
6.150668802553001 -92.84128686318407 -51.00482815411513 3.130780525124301 5.729336830448544
3.0313454455625735 26.607486142581322 68.76595565751265 -2.968618140756714 6.449851262198379
6.394226429490693 35.65396055956205 2.4111443185218775 4.4052435434098065 -9.530333542459012
2.831385978279119 -62.71625394020515 50.10649697422062 -6.9548764387221595 4.557761155153422
4.583444560212431 -43.56294515011161 -8.341026281629937 9.767214689060694 -4.562691279720923
6.835452282549413 -15.417531322148733 31.619655935611434 6.895999473286992 5.854537552796991
9.13849584662354 98.64354382205102 -66.87521429877549 -4.030424651061311 -1.4622663682299937
5.4838643414443 -73.02982078997849 -21.90478963299647 2.8105124881457257 -2.0574818528289036
4.420452465937018 74.63598797473335 23.692663260351864 -9.966543282616486 -7.497371877743603
7.116577875615866 52.165049955626785 -44.609234772752714 -4.099945655028305 6.084329422779049
9.468693000171402 30.99917103770221 48.3397134979449 5.203591175686428 9.11431181443816
3.628523603411635 -2.6608871516440473 96.76318159141647 3.6033868262209516 4.810344705692419
3.895918993247008 56.37616435241148 -18.58859407713615 2.971269022533882 0.8183539144498493
7.4507664688439785 24.1750103415512 26.351373527838646 -2.0533223570032044 -8.043022275840618
7.434713520053235 50.45296837081358 -52.76847225570944 -3.7396990634828997 -3.3463026701196608
1.0676982075040913 -50.94030697818512 93.48969406008575 5.885350884519841 -2.713703988105336
1.9195353331759226 -94.08807302603195 -37.6856708636804 1.2085472213326742 1.9930590386216362
4.689058158673328 83.59423889455917 -17.99830838593759 -9.85619945802376 -1.8307614308517834
7.472467922725032 23.434789701245037 95.46101446149333 -5.2127082209619395 -7.609963623181127
7.849540284873703 -23.996873412084227 -43.80529578995518 -1.418487258647394 4.771662384935437
6.986185341998913 52.850767114078906 92.97587893456469 -7.779957884826489 -2.3346530626407507
3.80972220822212 40.9686390972727 12.924260412495954 0.6475713676791379 0.2732615403343637
9.940172689870344 19.07067204019974 -93.3328900743758 -9.944494495634641 9.23524438102346
8.40356667512258 99.1337519033658 -33.07614154673411 -6.8974742369750786 -8.543073194426745
5.575303025651215 38.01496159582254 -39.323462307243574 1.619641673305427 -6.131421140240514
8.836955834010455 -27.30179763542506 -43.93126817297159 -5.99134851334658 -4.378949793199778
1.5595346386818583 -59.87537178127458 18.267600193076433 5.487872032309912 -0.0013325430408617223
9.625277387254334 -31.48850481368241 -1.8424308123046131 8.6411480247375 4.093715902532178
9.988583563205209 -79.75748548777347 49.340557042363315 -0.7833432629307602 -8.809752312828467
3.9621753014769325 -74.32658710375766 -98.25889235113803 -0.6225381985899219 -4.50387958172755
8.194929298240574 -45.51977026242462 52.72045329159397 -8.558500061401237 -9.344051494549074
2.276081804473884 67.2256185954441 -28.106892169706782 -0.771154992956081 -3.6388528769600947
7.145206109081134 33.56726377616525 54.67722943607802 -4.9271323043515185 -9.95735060871315
8.997863870273779 -50.45251867772369 32.597917490377256 -4.407992650620494 -5.246609270484379
9.933659169780157 19.011058105828397 9.798029193499303 -5.046379038714914 -9.751783657137771
3.41533479699205 24.618215229140432 18.240137593211145 1.8605126377747467 8.231236325272459
2.9275569690191015 44.09828650527456 -22.774471562209484 -4.266171361706778 8.653021614309175
9.051396972747906 -69.9837715068911 34.499587477263816 -6.009479043644131 -7.658563594135613
4.540852122706934 -95.40783551900931 87.26196945001615 7.294771949805938 -0.31108167514461016
9.588648384933983 51.698049444780594 10.00614251726924 8.851671311151406 2.7934795511924406
5.930640709657794 21.317113297357963 53.627503915023624 -6.337472418931506 -7.7208192849121815
1.0294141366370506 83.19390249655982 -84.84595617312793 3.0255953156844377 -9.687180952948765
4.626736191916702 80.01404381314953 -17.293626061049054 -9.763030360759537 3.4699441523378525
2.599472733867539 -16.464567243904597 -63.50607443742595 1.0961254620660874 -8.432069881180215
4.784124598918954 -48.222381704960114 89.468643541414 1.5723251966592642 -7.773110169172941
3.0332446481143474 -95.96874456019628 -12.960337734118468 0.9700271266769374 9.539060128414878
6.342763947247899 46.794655752933664 10.977513981161607 1.557048296066469 7.088146617209517
4.95891044258777 -25.124254741004265 -3.8661261764163726 -8.059232497413088 -0.27505921205493955
8.016310437902225 11.056784009473589 7.832504060524585 9.84603137641949 -8.445565055440348
2.2125929075084123 51.11640362962194 -27.59804921360127 0.29141756160049326 2.3150858141596853
7.962815579030125 34.97210481638834 11.078050228148868 -3.5098216586633946 -0.6057914176402157
1.2972094895502582 21.42371880066119 -4.020400557702146 -9.421765893610523 9.844711088376926
6.168718234273884 -41.669225081195464 91.18124692120293 7.78046132481699 -8.841673230414987
9.436801646583447 34.4925039752375 -96.16049310913523 8.258054268367918 -4.197334204418135
9.936817611413446 -29.924764921713873 -32.10662469100971 -8.25932209139227 4.653220086020012
7.495790523330986 91.19312838584449 -72.92030387881816 -8.880827821545012 0.3328442491819956
1.8381215493860845 71.52569830416792 47.22301171546087 -0.18263929665703849 -2.3202845226414777
1.077906600305453 -82.06820511766722 -72.40057785475051 7.560271125016058 4.949251779461957
6.600244634556211 86.90219894814084 -53.630031791465726 -5.503810511037372 -4.374716421629397
8.122307412530004 -59.725320462958244 81.14439706375876 -5.1563240704526025 -4.138394169083726
7.673948201596448 -19.92109150829593 46.4921123311978 8.372169166643669 2.313124356847318
4.549206178385118 -58.591481252512146 -77.55243948709183 3.1196927068245834 -5.026835451332829
9.558529310457578 -74.50625142628273 93.56942879049396 -9.869483961349271 -1.2197642002663134
3.9393956221318662 34.263002074465476 68.84396572887809 8.034266025670785 8.400146498309091
4.147996245178446 -35.1326519243307 74.26337178555963 -4.71683899344656 -3.3174450092710135
6.038870709461552 -48.92984194586391 95.45900136465363 -3.9608373008425186 6.490008036208465
6.513195349378898 38.16220617564781 25.29019459773292 2.767122649356203 3.073728589794806
5.385721568123877 94.83805149229644 57.382976562914706 3.513538189449978 -8.922665952226996
7.501127066327313 -11.27725045086936 26.17969711104351 -8.734945523906266 5.882660341714409
4.398439934194087 -62.762550959788065 -23.03256237201748 1.1434365272378404 6.7832613274393445
5.094406211544805 -57.423950148281165 -24.36428755389575 7.319523177334908 9.841018001032488
1.4891308679039856 19.258513570241846 21.449007581630013 2.9473247781545453 -2.570804226676584
7.141237556206804 64.07321271796985 81.1459676103241 8.829769889461431 5.898694647796317
4.629283444983761 -61.700629423434286 -54.142567075669426 -2.320937048157001 -1.0876375734598813
5.006400386711362 -52.02693154472773 0.39150427057876414 1.953452931974411 5.388824479325901
3.2109881156268347 45.58161969533134 87.54739020378022 -1.9732757679522592 -8.82689631611375
3.98123086399488 63.06913885378543 -26.399412678996555 -1.2905465141590344 1.2613520732636356
2.1290640831380423 82.47862015679391 50.96328400080267 -6.541046273244873 -7.569236482671253
5.211367672342231 -19.989620165135676 33.280969425496295 6.653048849368204 7.281852354351042
8.766280512621195 -34.40480251870703 -58.59979105942736 -5.782929214423622 8.119814558823013
7.272305092357971 -4.696677810197713 92.85871860799162 -5.457647595858366 -5.610781763393142
9.548056351070803 14.250003064846894 60.761944367743126 -5.964288195741605 1.28505562283509
9.460735214534367 -0.7084858940565226 -34.90774776382739 -6.498597732162104 2.6282785294611966
9.07345866219792 -78.13682601582065 69.15064316411389 5.910911510344697 9.923593283168596
2.030007056831756 -63.07262609881725 74.9053363742384 -5.455561736060799 -9.572092655120574
3.4004387164995444 73.17140933535015 60.153371591105554 4.270960329712372 4.090837567176406
3.591198333783881 -78.75163959274695 87.9713072890321 -0.6981790540257542 9.195911812494607
3.7618750764762234 -39.649417300119126 -0.5660113168780612 -1.9556475764062498 -5.831406824260343
2.3085096909759626 -89.54100535305996 96.02173160628308 1.566620883063889 -1.7408990560375344
8.457846071962033 -8.568075988695938 4.191338251263517 1.5047432920523551 1.424317720526176
3.2256775630779484 9.835703762333466 40.73659477960399 1.8405573153334984 -7.65761281892858
1.535761104351339 64.48210880394183 -66.06781478772814 -9.150858315199732 5.520610170760158
8.889591111297763 -40.82349400390439 -9.392314770206482 -3.7318834354437946 -3.8502765441198994
5.692384223126847 -19.423256536789864 65.30305002068405 4.375120623262367 -2.7796526091595775
7.437440273849656 50.77045498031802 -14.948078502077948 3.365585733517868 -6.790782428032543
1.5659508238429916 -77.88958461592097 -34.94251551539878 8.263437343944616 1.2834782946266525
8.52916525133059 -51.754328559383445 97.95243365568737 7.134032612403612 -0.4699395936276005
8.31072899883479 16.990673972478888 32.97419298774577 -1.7198139011577922 -2.4110618653292732
4.19353315315449 -67.8831235097215 -43.31436610544106 -8.320868452142413 4.601020789645794
8.851055708682765 13.400853579610825 47.25402840097365 7.485508681502029 6.512421580585315
1.9248743470505194 66.0939724187329 -11.463053370703904 -6.4618904686238015 -4.142337817787798
7.7175443649029685 74.20876883941324 -21.82722661279813 0.9937744661434138 5.080994858752689
9.470910022381357 -93.01411844160438 -2.0672164974674843 1.3291114101755817 1.3746274241085477
4.016777266735273 -8.473004959977132 46.62939693864533 -5.281340505542655 -2.9241169249765058
7.742196321630777 56.84040866046877 66.38908798270316 4.847254699688628 -5.001272366233714
7.259769518460765 59.49941660015267 -82.8645552543388 -0.8838184031985676 -1.28290886200511
5.674733930784607 -70.59664785260395 -14.458111952488295 0.5725541007189072 3.63312922387507
1.2730129094714786 -78.45212988156112 98.94179818285903 -8.938733498632086 -0.24504673853144254
3.2838986534828156 -77.02735319197593 34.111763385391185 -7.88763055859238 4.561288018356553
3.7501585164475895 -62.08689648728254 75.71697348210358 -2.364874169964666 4.172103876944815
5.66028294035282 87.2038846221945 -84.53398158368451 -6.342511885640761 -9.298968178516718
9.407339292825677 -77.53953606488697 83.06672592032731 9.297955645526507 -8.741644041006102
4.337827449247183 -35.31496953675821 32.22589442629044 4.745314456186877 -0.8308266871736798
7.244880381699342 82.81189819280826 -97.51886902056204 9.34175290227109 5.094099837922581
9.045162330691904 -52.892361449461454 20.89116067035978 -0.9060970785551028 0.27941143884703123
5.611627216815866 -89.08742158935816 42.9927726318445 1.4802482569172053 1.5061317093562003
1.83910259503185 -41.03109681287309 11.040560850407928 -0.6126200315664558 -4.465877719183489
9.963070413783239 23.310608155162768 -99.22870651770721 2.8444878801341034 6.415920349942745
6.876005134647127 59.58123012658493 48.947368381625836 3.566547393600805 -6.318518227826468
2.2789194951360745 54.2629199709973 -47.32971927337053 -2.677604495246298 4.875405321839658
4.890952555674486 -16.427066747859428 -97.1486456271363 9.547817395712201 -9.665420219477907
6.185472597653602 -74.5165429570097 92.99899478322041 -8.108957599749655 4.804488853279052
7.475975453458292 76.93809323094982 49.67967376053244 6.088496440241993 -0.4762960184695757
9.16504603420746 -91.45466063223333 62.17416228520497 2.742663892048977 5.0536390900191925
3.1750145618735663 95.16255593191224 -25.346905459823276 -2.973712222506803 -8.066353821350432
5.069994980434459 -11.150017326600164 71.36351792858437 -9.941704038699239 0.10010577387594033
8.407199609108943 88.14686043134091 -3.8504139861918105 7.073475834837048 3.8194241304439824
2.9248922208648196 93.56624000127908 -25.502495252390148 9.438280909171695 -2.8064139202234113
2.838329591522223 55.92658936772719 -64.54784431125766 9.009579067536869 5.162598982780109
3.0019545265538117 -42.228539251206975 -33.4115251141304 -2.7842542864542903 -3.3553665233499235
8.09649749208611 -42.243821963370465 -29.121770802520587 2.8557586435763795 -6.7746487894188405
4.483176907866447 -60.3633597394756 37.842362714960814 6.145533874101265 -7.322855829960333
2.811298397663995 56.08568915456905 -73.11934289579231 3.6271321195147017 -8.311771374145431
4.7454178354136785 67.16821133892279 -58.94396998026503 -7.501813416790364 8.052353545538068
1.9579002395092349 5.7960521635876034 0.3193769136428841 -6.5208783300011275 2.2930334596597426
3.53653071576342 -16.99139165373144 -71.1546066902064 -0.46024870990888367 -0.07585928897629302
4.4573098526579376 28.96512587984833 61.47091665113973 0.31438123230085147 8.970651305164196
2.278507596573033 -5.8370075771049414 74.19674242134911 -5.871283433160823 -1.3752955780697746
4.97298507979013 99.35651251866543 7.936385574805584 0.20095962119330224 0.7630170536292287
3.4191455048036428 -67.5588539538336 -53.20725916268094 -0.36920258003849327 -0.25345728245787846
5.023509325390107 47.23696142438138 58.730758429227336 2.9781025511150876 -4.706711093255667
8.452457077415755 -35.31314071806891 45.58826350787251 -5.471937605720683 -2.5319268430556434
8.861970343230123 62.82398803226016 6.388841182320547 -6.651392334032968 -1.2006220361064468
1.348781384269102 81.96379704985054 -0.2162466638993692 -9.017428054932386 -3.1725717918458374
7.580079523101224 14.383511001285186 -75.46550604253596 7.4907453743813655 8.589441183465581
6.83110159610354 22.100119039728725 90.35638052953789 8.623519550034693 7.176157222452243
5.520610371013861 -8.569777298945809 -1.7599824493255625 -5.775271995980054 -1.032659694219296
8.393594392606275 90.56952644178688 -68.28873353756579 -3.7830588231185587 5.407679779493339
1.585258241440962 -44.19782003305946 -49.6840755110064 -3.1412292999507985 -8.241032864878834
5.360695724934963 -28.62448738941535 -76.6954310795595 -0.2829283579144004 5.9786537033508615
7.798178750926422 -37.240682241102775 -32.60287705366267 6.618593329145906 -2.3060726749264866
8.842133151644502 -19.019780680747374 -64.77858345526646 5.592986761703516 -3.2991901698803217
9.073496457224453 1.3047904068333054 85.97610746721637 -1.875486911017747 -4.197156417760411
5.064045551848307 -33.90259583402522 -55.75295998045877 5.939707998893329 6.159287333910747
8.173913837742266 -36.477391687347534 75.12919735325815 -6.752735807435817 -0.4138686613460969
1.6748795074821712 50.49758181522637 45.85392005646432 1.7733539566069467 -2.9796787687878172
2.6512679373143073 -42.25626999381183 -54.48294960703588 8.528818155852463 -5.6949945043224615
8.786113295731205 88.94023270782228 -81.9192866625378 -1.2671648669150812 0.4348618976087195
2.795736607609489 3.0244733646618727 42.1827136023785 -4.57067286721494 -3.6507534333851304
1.9641986581054534 54.1154467644879 -4.057595879523461 -7.384767799703626 -6.971944140836046
3.962267171020879 -4.166210763149607 94.37361261253935 -5.892383741962246 -3.1882507445879016
6.047139230709866 -77.77841934998715 -96.24274199844169 0.15216267868780875 2.0889141619362412
5.402973882816195 -29.803838462756048 -5.8673572043551445 7.3648945866145965 -3.905848160131007
1.2447040425547713 37.9442525000336 -98.94066432971418 -6.821261461364234 1.6557608289035386
6.908231487738178 24.22650172011373 -57.3420681105481 2.887796244157485 8.310430388633222
7.29840484979161 47.2433728110631 15.58224445135437 -1.5246120572938544 -6.156086631380317
8.81181783733902 42.66268706809336 -96.40112491590038 2.942143902221284 7.955004859385117
3.280288907217443 -93.09139371311011 10.966639718277804 -9.73573682492604 -8.111184271283694
7.440026723706348 49.2418936753798 -0.5698766674117905 -1.7139052333254767 3.8516851473056875
5.557643715599818 -42.9774437484832 90.26818389426649 6.34274030996739 2.8392371890088963
1.3015968585264872 -62.55395099213441 36.162037531338086 -9.904725161913355 8.856371495785847
8.085730544953321 -54.79220696181402 -50.84182592424511 -6.536498300699762 -8.060138891427455
1.3892514721976879 -79.62909751996747 71.77941267332758 2.542350045151867 5.138701516684062
1.1171481749969545 -54.74646127971645 80.08284556010946 8.190223989283304 -6.745425315725269
8.094961036050112 96.01789942274493 42.48166507667602 -5.569697266505842 -6.169097925325513
6.496114403835519 40.94478630817261 -58.32440598345423 -9.274350910199667 -7.116649362737515
8.639769705743674 -67.14953176985121 -53.737942209905285 9.068310361143265 3.343584005001162
1.154680386178688 -50.73956984262824 -13.970755399083018 -1.2145274451867305 2.377560860579994
8.220454919008557 17.81381791407229 -61.569043527091914 -6.709075804263078 4.489145962023457
4.416482612717579 -78.10535573373198 -50.174578423239936 8.408351225532506 7.821946274820132
3.2774300588400926 91.91975923504376 19.344318874302658 -6.640388397604562 2.8230544554363917
5.6482311183289395 -26.384551258165104 -87.19191980683838 -9.198330673966414 -7.412469735731488
2.513461651624653 -30.08446762509756 -20.186809665020377 1.0580760624924004 3.9807150180658173
6.7797894864591015 0.6951543452256743 -16.815569196999363 7.99405865589997 1.7288403240956445
6.178409035045856 -99.69014927475463 9.15165434930924 7.320147784839488 -5.7767119664840605
4.068347287185037 7.510361557790986 -82.07407430302733 2.6722340277951027 4.724151587849402
7.195367374238369 70.24252272079053 -19.776570146125437 2.3936246371826613 -5.321933508334857
6.379150706782031 -35.31403852541564 -93.10866047341415 -0.6902724131644398 5.547631082406848
8.468160197388595 -57.63250108268405 -27.879090413270546 9.068731206292512 1.1797880579909563
1.847016024335543 -48.50183233326595 29.479619539011424 -0.8060559855976646 -4.639800040540623
4.578122897902547 -88.18493956108632 12.549156663908406 -8.734662451957082 -0.9897966819375128
4.278207397234043 -98.76337832394515 16.41064121545641 2.944876695614429 7.928418194478624
6.503693431502965 -68.76713650416536 84.55356178032997 -2.4362765577841135 -8.353175870914393
5.40000505977452 -13.069581744050325 82.67229495224188 -6.707851080186879 6.146501521792889
6.255326815130956 -56.308929758898984 -9.104073415916972 -1.8707632521150757 5.418355821308873
9.270003693196252 20.21987183159743 -16.31705326452169 3.8081276564378364 9.862048811230721
3.411014479932163 90.43624904110732 89.58771246101048 5.763000665465789 6.416282062728737
7.824725060951435 -38.454606380752864 -68.82208617482499 -7.120581961449259 -9.229909278529432
1.1065121955870545 91.90011619299392 62.718389003526596 -4.6541696300229285 8.522282308165249
6.612054653496465 96.9406167158568 9.284238073500632 -2.26886439041669 -4.816464857717029
9.367622498064847 -55.448180766802494 26.438872654534947 -8.010695560278922 -8.728770512361399
7.437939676973128 -26.127016082482385 76.58344713316146 1.537089864728154 4.439776288656033
6.990993186252499 31.59583155195716 20.78603030084743 6.447823127402231 -7.171853405482523
6.9970724903443235 68.35115836519577 93.45649990174348 4.808228362588302 1.3144331198252814
8.43210393314855 -70.1439917653524 76.68529509199399 -7.731538584933128 -6.319542259038533
6.168116024699806 -37.88039173847142 45.44086190186502 -1.5183779871460672 -2.111512190724387
3.1932516599948966 -2.3797382380267464 -80.60917603035412 3.266597207978453 -6.832792448135326
6.066250206848208 41.087099483275495 27.53608248032573 -2.995608755079897 1.3804200709670322
3.0143675049283827 92.7491396962223 -28.626180295366495 -0.8014246745283771 -0.6628274774506178
9.073352552044666 94.32482256209065 -75.46602673608594 5.647528433034477 -7.249659113976903
4.93012868458232 -96.22042667445491 -45.61291538950003 -1.367281873071498 -1.844892593370865
8.624900176608769 3.148058526749111 20.060706167407744 -9.019601071278593 8.539517580298245
4.597317591165566 31.315925203797576 40.56806933384797 -7.456024228019507 9.099584604050804
8.714511934569181 8.706244467246663 29.44521397162785 6.068739681536687 6.319648210002292
8.787400217838224 -49.990339324037734 58.76446715822743 -7.644259900263634 6.128529188637714
3.584083072518868 -27.68896275730117 27.768490154682894 2.2005093660202224 -4.028495986080179
9.97194612908939 5.538503222589171 -62.23908821706561 6.30410339845934 9.019754225282433
7.545292380606695 20.871381105417 -42.024524248964234 6.341438330535986 8.730055065941503
9.545050101473674 24.232898497527472 -53.00379429816542 -6.2493321685356324 5.985881193829204
5.838560956531257 33.000620865473365 -72.23389341577915 3.6251707332534764 0.6716844654667291
1.8475566938273293 50.45869032199033 5.512412520322158 2.8064369082749625 0.6909692584765779
2.9308540531672804 -71.4536717712748 30.320104081919197 0.6354577115537712 8.120097848090573
4.140931013207082 -5.97755650302399 -41.97993965564828 2.5153003888497665 5.909007467346505
6.76922101473048 27.69960903136173 -51.47335603821126 9.14484381680704 -5.124856769351343
2.7205944147889163 -49.296545451616616 92.90240104136166 -2.740977642953462 -7.976180639584742
4.285653422487439 40.36571118304414 -13.70421626250618 8.904847015111152 4.218082221170253
2.868838822006648 23.498605193021007 76.45936774221724 -3.6338572806573826 -1.071111462114354
2.659017543778826 42.18420588663375 14.531248164930943 1.3792877378852548 8.486396270950667
8.734154462658104 26.287384928598257 20.5899697017407 -0.5849070805707512 -0.8105234836617665
9.86406472214306 72.40386014999768 29.84767605930537 7.07509061321808 -8.772579150884859
7.196949059369391 88.05884512757066 46.88079641337623 -5.100845668879483 -3.5597909678788975
8.672258246948322 96.24643803946918 -66.44394492869372 -9.157895139899672 3.7459656297110975
2.6696589232657244 -55.325367170113516 88.31665070286456 -6.7106805516014 3.9976144522564354
2.623432506862794 -53.721667972569456 -94.54643470348078 3.421330339967181 5.312023883623331
9.96725788287852 -17.72799993203185 -14.427675119592493 -6.120237750726583 -2.4390495767246234
1.7008391233490663 -90.25676558763452 26.66757552700072 -6.078257611801405 -0.3879222757754839
8.40518110716874 -90.77124984859257 -38.088412647015616 0.37059713564925545 5.244611238621966
5.550120205979939 -93.69665300928742 -86.50438330338197 5.499543208540992 9.56404592666981
4.07120038082201 77.27090199427496 44.24104606737839 7.069692441557208 -6.335015869078989
6.599520091011565 31.800698211652332 -66.37766967625056 -1.2259473652715496 -4.396911649564186
3.0292149753510413 34.66802648382384 -79.92402361882938 1.4916133751549836 0.8582007841802746
8.367644900252149 29.38080030445795 6.958159828894068 1.6680074138506935 -4.724534427891152
3.851153270875555 -54.95588597445082 57.70798221509753 -7.390665059585075 0.13988894663272866
8.267001155325142 20.65409429669633 73.92630512289969 -4.816707188688483 1.010949517866603
6.989078012986443 40.941946113786315 -13.490481997527311 -0.3313014464171431 -2.4679627334141667
1.7759323139530894 41.21939663709756 16.30617454963901 -2.8018202667418723 -6.661113846574745
4.487528609150694 87.18114085394862 -34.43066017532779 4.278407132786715 0.6251673936163211
6.410509222541849 24.78080413907044 -40.847914886150164 3.461784557392548 -2.620379802335819
4.491187848047456 -7.398123716910376 26.861269456249744 -8.179673242851258 -0.5711894391889398
5.05096542959121 0.5602945058582236 37.076353699322084 4.2720779596453085 -7.89798919001464
2.5031516662858557 56.080452477476484 -56.825420914476176 -2.1879697127261677 2.46733982914472
7.796237944918608 -82.62565816879231 99.4717032146759 -3.69176951906919 -2.615957503851467
4.763823410684406 -9.837307815211432 87.2344714918604 -3.531783374088855 -3.1044222894930273
5.641706654197011 -81.97995799492288 11.555152049695153 -5.935099332026221 3.152094695771906
3.4725893917644144 -38.684401141914584 -40.380422798822565 8.760552097776412 4.119373212549462
6.176564692225252 -44.386485720535674 37.99831049071338 -5.278224964746608 5.995542914385187
9.89605416221983 17.82728033114853 28.222812235672478 1.996486371141554 0.038526244418035205
3.7184737149062412 -4.589890990764161 77.99851440724419 0.53505424237472 7.048322541938759
1.1246310360344314 55.735859602704835 -87.16501895396442 5.999544308340742 5.792403533783952
9.838386758348795 -64.32179997541624 -85.18824981251922 4.1995261194905495 -0.5753228581951735
8.383689680470347 0.48705977375350074 -77.47751214860847 6.399159822868903 3.7032994307165072
5.840034554679156 -44.171511505751404 90.19687817840753 -6.721081921374232 -5.0422806775211715
9.346124658890904 -54.6083920996578 -83.49252967687018 1.2245883132608277 -1.4906571001572182
3.7844720667461274 -7.888279262952167 -19.611109374324528 3.49778816643839 1.3304481628162517
8.076947108878208 68.35516935038447 68.38797542256955 -4.623094295639358 9.678846750526109
4.8943294286583505 -26.06213441134784 -88.59578636546821 4.155992230345175 0.158743960370062
3.5123009955694284 -90.60541285101733 -43.56202328160252 -3.532711651930736 -0.45169496274540677
1.8487937577036113 15.314547023470723 66.69160521301004 8.686617212964723 7.572058494247717
9.663637639917669 -91.66566822669921 -76.81700260131458 7.844601109620029 9.851102899905047
7.333834742873559 88.56213760529408 17.913689947345702 7.240317667346286 -8.098416741096479
9.083569435258969 -33.47913961354054 -1.370680165395612 -1.0403495013844584 -2.0454875695630665
1.3938402424282417 79.52026937216411 52.14394043063655 4.258769022478138 8.659395809640245
2.6241269892931216 78.91512117407942 91.4344951335153 -1.6102904388634194 4.276464320496942
2.3274530608634603 -40.68015366979236 38.6040053934353 -2.6360716194900657 -3.9087377913026344
9.750373443712535 -19.352868694909148 -0.8369504945505071 -6.127822424691381 8.005402474086573
6.050083001061364 -14.564055241146164 86.06647596878179 5.7826153533036795 8.26685344215121
6.117533844367806 78.06230637859815 32.89941558339825 -0.23149981413132004 -3.5539048362674723
1.512512325697405 -15.513026441142358 -84.71942798196241 2.349034976483079 0.6729566993316087
7.441964466776467 88.12458293456353 27.039307396497804 0.06895904184208135 -1.4414858033558549
9.619784200294418 -52.08606400481555 35.29404898603349 -1.1365549577827139 -8.275584669388955
2.2291554769322715 59.13430581287494 70.98659543169171 -4.372813606358495 -2.7940160507242773
7.385766643132118 -28.23069625859344 -33.031637740813 4.743521075070728 1.874997649682438
2.963881086483959 -81.13999856743786 -74.89548259746783 -3.1270931845889844 -4.242334645132488
4.4139370132978435 72.89608857544621 61.84962827710228 -6.787389112687768 -8.252806360485987
8.329760667399146 -28.45193684432263 -27.54814957127259 1.601675879199231 5.8357249248028324
9.573586316280425 81.08362566064235 81.71415395869889 1.2877852936331493 -7.145895935973304
6.543178569110008 -17.03217895208344 48.37993477444655 -8.958148539816765 -5.251915834029337
4.228380924219605 36.8662797410789 41.887865754584936 7.0740009511341455 -6.165842182517272
1.8195238898756338 57.14396031533502 95.88551675583437 -5.956721452680618 8.331302469850236
1.3072216564257748 -34.32416638854991 -47.29248326590281 -2.0048366274702207 4.668801220624365
5.7817249086170985 9.375149382970235 -40.53180228292488 -1.3008763015422549 -9.929894602001745
2.0129318944258863 -97.5703009175407 2.3871159648917626 1.932368788785066 -1.9530516174400212
1.9877734962389966 -19.760517392240743 -15.701145669824228 -3.0941873467155574 -7.246456679208599
3.7289275381422025 -47.276336040512575 -79.57058509388668 8.403953327460084 4.5098043835255766
9.193358970978407 19.78870562883965 80.4740561470417 -4.992452917520365 -7.4256606605883535
2.0651142432828284 -30.847601392434143 53.25796691157413 5.394384491410129 9.651011917335321
9.823882207247998 -59.617260614541465 -97.39314533792884 -9.194903699235555 5.1707453973129205
9.050275840387048 40.63285964209973 -67.84937892496868 0.8462261661938264 -1.3012009187257068
6.222904147409652 41.23896120320728 -74.14254869550791 -8.371616275169998 -4.093821747388469
2.4429941349495294 46.04290920244355 -85.74131775091143 4.164839593120169 0.9210122957964018
4.244707478921903 -93.76420117960036 -12.498625169778137 -1.6607269643741738 -2.790154471811352
5.147997884605891 97.26867332161956 98.69556400785697 -2.1811374676497426 0.5332848208041181
5.365991280770189 24.795377010497717 98.29572083858739 9.784697128073457 9.283922108771254
4.063078237855373 -50.081963578863785 41.1709187058907 9.180989868026327 -9.557935919953977
6.762589491201113 -39.67467824820705 98.98097028283397 9.926379898296155 -4.0630203327574215
6.129913067419489 83.9473482622233 -19.448454764773942 0.45436423072373344 0.44029665710830557
9.374462070222455 -40.96767256136231 -38.8022083233454 2.559647672202326 -0.17253049560173395
4.868331161720876 -34.23393957305139 87.39302312764679 9.43627433251008 9.940385456788118
4.5657354662996665 -59.56333830841394 6.827554668982856 6.230345150088535 -4.5388201240119646
3.3199400434171267 -21.056775168286237 51.182326465204056 -1.3072322402260959 7.6310560236635325
2.4907716011739245 98.10235850016727 97.61126689435474 -1.5548794303043163 5.59039464130155
7.772988986437377 90.84053192975895 11.903825001377172 -9.456394620591498 -8.414229575637977
8.857311630464395 52.491159440320786 62.024134692919546 4.513573367195789 7.34350370818823
4.677378801130542 -98.45687683615714 76.86771659818913 4.6693081728715065 -0.8691720922500998
9.76709917314798 -47.575328425722894 46.451169698104536 6.781100663758593 3.3459783912671153
4.514102195926159 -74.97233878488348 33.693667369225466 6.866586958389597 -9.794762744346922
4.114750494051641 -22.228621430641155 -42.37762390811712 8.534581570025686 8.985555112938954
7.872986999379091 -6.742483570167465 30.972141876695787 -5.210761173195402 -7.383447640404364
1.8636460400976933 31.299481950979327 96.17502171081054 7.402891016491896 -9.945142757088203
2.1304532213257836 -23.08056272359505 94.34027440706024 -5.709764412817091 -1.4526351613732498
7.598958461971229 81.60186478504409 -76.20769733447486 -1.0706379053494803 7.689244831463228
5.863746194680282 57.4983533562808 -98.75268113650367 0.2834897214806382 -7.057102222941472
2.2140504476527147 -30.750229556020585 -4.533019604454779 -0.015225344311982525 -9.962910950891766
2.718309264407624 19.122057619055255 27.58350435749412 -0.8067379615886612 -2.8128934476338756
9.329967398560314 41.51057278802705 -1.5795248222599412 -9.295217627038426 -4.440716583662201
2.8018229315470546 68.32429096491668 67.33607297202866 -7.269680618239873 7.814672363299053
5.761126901421452 -11.512004391025926 -45.7396966645824 -9.70160420342074 3.688618386861025
2.7816241172707405 0.26376374100041744 55.211456079964364 4.7816143775729785 0.8478739680512266
2.1821638796456035 -15.226654713653303 24.934017840949863 9.612241112017355 -6.848347626370305
2.8449530516493695 38.07770966457616 -96.97087273680071 -0.029522347402963334 -5.5585174359168406
7.003410365273337 -94.04438135455602 -50.59301182527602 -2.758790198754955 5.704043101555818
4.134690314059877 -30.621589627267596 -77.27177514634931 -2.1632427879092315 6.300808891080564
2.8632317678289954 -79.46951133826971 91.25816241608035 3.0458303799395026 2.4272306632727343
4.633221412010555 46.37379167421227 -72.9656409936704 5.964878820414265 8.61671517383617
3.884990728559707 -74.03846846333431 -79.00289766563951 4.5273740253432475 -1.3739261133311125
8.279311693720132 41.33109769627822 64.08182714122387 -0.714852491377922 3.4832301125330467
5.221646882622351 -10.442322500269825 39.97659000602019 -2.323211600660451 5.135684164372481
2.072787191140419 -70.84682880022825 -72.6737452956441 0.2225988240685961 7.985695535707237
3.4481749484916815 -64.1484156559073 36.4983289606044 1.1760085945874863 6.707198109617551
4.905070743831352 -5.016803960704365 -13.856532506713975 8.909432208812149 1.2636153048649916
7.448606175230735 57.26946784753687 80.72310790312233 6.206064397453396 9.568672372289562
5.00234329998854 6.545819124089732 -8.145608306006352 4.625080855144251 4.532120846322332
6.396937301882689 -52.55077296845818 -81.41166709039626 4.729032015061794 6.2846542499870885
7.136482975339632 -94.35437431174023 74.33450275616948 -3.5630677368214636 -2.241354435923091
3.330849186160976 -69.07149885404152 37.59387343472571 8.75709473604482 0.7501058889576342
8.830718833320084 90.64696991887169 -37.33323065314118 2.3215974346483748 2.14305439420729
1.520565117253207 -14.839990859665406 53.13659260325082 8.263204966502787 -3.4222707697148325
3.36841965217472 -96.16684544017389 -37.47148515239762 -1.589326677625266 0.10397550054529248
4.010026641677763 -70.47790696634881 -12.9560071327451 -7.339467439530871 3.4407824122421253
6.154591963093539 36.613350664557345 98.59940286064548 -5.2169827720060375 -2.043479338329446
5.3932487626079695 -69.24415534441269 99.73681244032315 6.861587229617452 9.804870148017248
2.489359038562623 -90.45163886974325 71.02119152358816 -3.0958995306924546 2.827229421529667
1.0321211709424816 -6.235455342912417 23.707209945921235 0.5388123063860952 5.048535064972622
4.000612585461678 -11.452456576653702 -0.46408082202115963 -5.496883504455845 7.52390302016871
4.740146258346221 -54.245531300215966 5.138936589448633 -8.768793453525475 -4.649331129770173
8.864343489464769 -95.04245890106564 -93.32809527199417 8.249603084441183 -1.432370764727386
3.3416100235874246 2.54751564683275 -75.78050826510784 3.8827312713215196 0.6769601132955216
9.544895525763566 71.60487036675877 -71.32319530106304 1.8570929024982146 -6.826816338388301
2.0768977785124076 23.948493484061245 47.236391687439806 1.3314671269610763 6.937773891167559
8.065302210136098 -89.98272754959922 70.86228002181602 -9.629957892348651 6.390953255053713
4.829282554629751 -29.450698976262473 -11.388332515055865 -2.7386537182078907 -4.78874011029138
4.3752092672643075 -16.61358689745036 80.00868103171825 -9.279170581196185 -6.944003303033089
3.086945015581591 92.87778062951335 -43.574858503271386 7.376346553739943 2.1686960293425273
7.345896182391476 4.965926208590773 -38.441678094776385 -4.5577078156692075 2.60580683249505
6.305366697760121 -89.28313426278056 -87.50706652986045 9.232973869190886 0.25555396182785195
1.399720068656657 -86.46786091582541 43.823070995304306 -0.5671568418084867 5.07347597104506
3.434659544017544 6.709213601625123 -94.00732642751744 -6.790042737256319 -2.9400771629418765
7.896226775245092 -15.524912353139882 11.790592705290123 -1.1152167944038283 -7.214225847937856
5.360680727887231 31.467683356374692 -33.38580950625341 5.172636994955839 -8.479075801766758
5.491788177604859 -37.66256276691815 46.11772850589492 -4.500578798250334 -3.6255349768805605
9.699085207321499 80.6074740964774 -51.44409331046889 -9.007280109667459 4.320022463822504
4.396438524883811 -42.45870936704477 63.70717319737287 3.6218484492382927 -5.065747435846495
5.814177111805348 47.97492137358529 -71.93977760117195 -4.8517310238375 0.6023566403179466
2.8053807097693353 -72.05860697753192 -8.316425165425073 9.282123529130018 8.663488798037108
8.843958383609973 -8.896966528195975 -67.3455341868743 7.757490621170625 -4.399473101783016
3.1630850713470613 -86.35321705099415 -98.86531828988572 -1.6456926650188137 -6.3890345048688
7.000957083877589 -58.73988981273743 78.17650193481236 -2.0862177949681477 -9.779620633703082
6.649707730455217 78.51705362396962 -57.526714935927316 7.4064401381642 -3.220299223196756
3.314254644389976 12.34481648617762 -24.802009466710274 2.440471068420603 -0.20175888087113591
3.9138542644803143 28.64814420078713 -90.78211850647091 -2.6639778496234046 8.695972367564863
2.538586449391689 -72.64574117832525 77.23626770978328 8.213376522077638 -0.947254756552816
3.426675490028821 -98.72846450742605 -93.50252255003207 -5.373686021789128 -4.059725487561472
4.553134839373561 -5.924526600106319 27.141693274273806 9.389342562324206 2.9753198961136924
6.778205865209271 91.78472365498911 58.28254589963001 -0.5893342267818404 -2.527479332084999
7.018236620203286 35.05154573840446 87.59635669897258 4.160662710157281 9.110390972045291
5.864318932716708 14.689499630069406 -8.326455361149286 5.371036812239819 9.877689121710581
9.683205024321925 34.886035296098584 39.68229288618056 -4.968657187741304 0.4211764316843194
8.596244320160174 34.18108548169269 -32.89960113469064 2.8161367687356815 -6.844777307699575
8.980880037696942 56.39867744326219 81.87317170322191 -3.2941863463745165 -0.6151815541436427
6.80578949769611 -6.992121374692289 -9.891917034793465 -0.6637335180920108 -8.005289908702196
7.539578467457855 -96.42484876164797 -17.679063594662892 6.0793930189464405 3.58698571706139
3.811016556467714 17.95732204820419 -48.21521687517769 -7.374627518258949 3.3593253061174124
6.5023840506681285 56.004560948453644 40.08555241532645 6.792234414495667 -2.5334346776906163
2.6582795687560097 -74.2720836673744 63.87837373733473 -8.835375860180195 -9.092927855651867
3.0021496304461883 81.73921471991252 4.870003338055824 3.535237408605676 -6.13088014944003
5.775746964765275 -35.49864221536649 80.23839480407005 5.862464051653744 1.8493946738161053
7.579324809587234 -22.62741394710129 58.89061403539151 -3.547916774766959 -8.061394877122538
6.423192236366874 78.74632618690717 -54.74424144504844 -7.895502552295084 -9.431390797798427
3.437527518993945 -66.28891777434333 35.46481186955177 4.31868080805347 0.06296456758840563
9.503900012191238 78.100159363015 98.69789311258666 -6.710838089079958 6.090809352511734
2.0443419950121737 86.6613835603084 -0.360329519160544 8.477926819564544 1.7209232675595043
3.014062718852972 78.34399317316365 -81.26637777849233 -8.896971250051834 1.632669722206991
6.856084299351422 -50.06332946845684 -33.66583397354519 -3.0396470709476926 8.456658071720732
8.957206494768519 8.765139161290875 -38.880565250948294 0.6818332302547514 3.5648831807009795
7.793766674861184 -35.922613623827445 -98.2128129125642 -3.7584992816555607 7.97873112958888
3.415435288770312 44.41981053238703 35.48484992273754 -9.61528188010335 5.995525141923991
1.9700767284616592 -73.21265999948812 -10.826976720432498 -8.527021815448496 -4.519242722111898
1.2364137494534786 -87.02626769414795 -6.435966176646744 -7.968482100107206 -6.971041378357754
4.08005868925649 30.010036916988838 -44.6058534122028 1.552685291299575 -5.067365051781588
9.198462151589151 33.509018689467666 -45.08484635258267 -7.278803564310916 6.268115196981615
8.66989983589731 -16.64898204895904 70.02183648152328 -1.344923202581242 6.415815687133517
1.729185353891553 43.23932604732704 87.14357291596536 1.5354862719348112 3.6841904981828666
1.200637980985189 11.60359623180041 -40.49806890667868 9.768154752576606 -5.333599915320595
1.9267673592452275 -56.11221731929798 87.4005622418068 -5.93141001333259 -2.6683037887814827
1.1223967523184868 52.37994205822298 -8.262401069269615 2.0119803391168123 4.601294624825998
3.830617442145085 -20.67761722639338 10.474907777827866 4.9476064929802135 6.452915354397881
2.3991652131684265 -60.23611367564119 30.487644240824977 5.29265835937402 -1.6687592835705374
7.806209922983941 15.19720509097941 27.36508451471809 6.1465420128153845 -2.118732611154499
3.5566256642687883 -18.66775426094587 -3.439048903149697 0.21437015709654617 1.264919898191124
8.19413156843736 71.72066344241276 96.99555780397066 -4.6816957271481225 0.49757645467365563
9.344804908117428 -45.560446440513694 76.67125062975083 2.095421449508912 2.1829449818743356
2.282754056511612 41.32574137306892 36.19205674923634 4.849775535664062 -7.989911731889563
5.839350829919586 -49.53207366619257 86.81636240845384 8.266736898145158 -4.960643431523417
6.7659425290312685 -6.068970075641289 -69.06922288647898 -6.3910678001777566 6.619500650525385
2.4270376304681207 -74.59503782930463 71.18464607843944 2.1446813850967352 0.09390475906611684
7.333115067476279 -1.3694018999809856 -84.39884937545267 -5.04797290369509 -6.643042615870149
1.430322858987625 -47.6688256452207 70.58469736642235 3.4082322190937315 -7.754368474006075
2.9024454165042455 92.20626647028706 8.689675102270627 8.04412335215559 -1.4847828911061516
8.379080875582652 -6.530118524409303 86.9597556554101 -0.650068695713033 -6.989781774289343
2.6843823731535235 78.34364358210135 57.55363145658217 -5.825732256177933 9.872510261287026
6.848191402459725 61.73130722152794 47.74278876904992 8.369400705518089 5.210201086143568
5.9889373071625105 -66.54266386428219 -47.814469986767484 1.4691016653660487 -8.057365311735737
8.084120434977585 -50.191325211878926 -88.57281642103645 3.937851705424066 9.797914224602465
1.851237069165383 0.35651353694127863 -44.59677658584174 4.987792133512434 9.433419392278427
8.661067976647406 57.10160814389013 -36.462123134215 2.651483411511249 3.8288108651589354
3.646585659949819 -31.340872458572406 54.097657960201815 -4.295114838485372 -7.026112405176274
7.168515771565178 -21.389848788104104 45.47584614009398 8.158352202921797 2.95087242360262
4.524108428632935 0.9660836900818168 -58.14046098998487 -9.003412332635829 -5.81842085961902
1.9223274692116554 53.12433488715399 -83.94678814785628 6.937226699884853 2.562489819145471
4.918541081590045 55.47024225656517 48.756663981677605 -8.095775155251062 -3.6680879112626474
2.2095609640374683 -89.07671083795113 -98.73971861555886 -4.989174255023778 7.203609310173505
6.446706112671313 55.36304276137409 -47.143839897307835 4.673730656931729 -2.4762482332332736
5.3017016035065465 29.967077760318432 5.1781697335546255 3.2769588810601196 -8.019027823084944
9.922553391344815 59.23668859087056 26.163740608043156 -4.135708556480912 -6.989785787342893
3.9083638954819855 -57.756358057421075 18.950116394427056 -9.287966620818553 -9.505795013277861
3.8699629675401193 -53.01882446642414 -26.51524110925874 -9.555214916241273 9.149107995635585
5.630676973576039 0.8190188047857418 14.969635103388384 -6.126038580962971 7.288709599227143
7.9652228872150515 -83.73564779204985 61.14045239003397 8.10824949508769 -6.407671363808872
4.199882291482428 29.45582601056566 -83.42276012231717 -0.6011478785616049 -6.992333708359828
1.9291409004017281 57.930574106975655 61.654889539321175 -0.8915024506003455 -2.28245407133792
5.320730226999632 -37.02488051622667 84.66282566879482 6.359467563605342 1.8998177133732863
1.761786129307763 -19.289777220265037 -63.33758723306397 -3.164461496784307 0.5581090027777122
1.834862057154978 -31.970801793779515 89.83223853974971 2.688457670299872 9.580154651632814
2.446520016178938 88.94027542287677 -16.047505889219906 -4.785462575946879 -2.964544430006124
5.1374891251152714 5.120027531151223 -91.28453941498876 -5.127565806929479 7.427150984836082
8.357210218777734 -94.04893896955355 -6.385974254278736 9.841637447353776 -3.843383248021743
1.4412422690218762 43.20860417171767 9.601314138632816 -2.284199947175547 -3.2272819778069213
4.568256861957542 -89.46678365822547 3.8667189323901425 -9.525482758590563 4.346471063239477
4.343843353737581 -92.51585076564201 -20.152130642525677 -7.277518732131871 -1.2226003208898373
2.8983978712496805 28.871127085425343 -92.39614788104453 5.344778302825652 -1.5412704280004679
8.156337051285796 87.20596393502149 2.014768803636912 -4.453348259196619 -8.452893847174497
2.2679307750634785 69.3028842883891 -83.66531166279623 1.0112990848787202 1.134366953330284
2.3715432118132167 -68.06310064821368 95.5869663971271 -1.6945839788312753 -6.935198198109493
6.396282214672464 31.5402154082023 91.70265728399664 0.6296938976464279 3.8261897648303815
9.396184996631627 58.762164897187006 10.478848711557816 3.4915099474441984 3.5453290023226636
6.796928905225387 -79.95061774532894 -79.2661668575995 6.336055891669773 3.927175635822401
1.8541634637047972 38.956482306989756 73.92082863920416 2.2751619838863917 -2.4729582281020317
4.206363200166525 -86.26267718010072 -97.96717635850942 4.431409185360668 5.935476101742134
2.5623219082034243 24.57553528744721 -82.84798144727922 0.08853808792037121 -3.041510664278519
6.5200738376558345 -79.31988368182044 -56.53263765571908 6.220534455535134 -0.07396687204585106
5.527719305075655 63.93633273564927 -85.44729862028606 -9.115249982351488 -8.483531497483487
8.137450901658198 62.307808238847855 8.187927592318161 9.127278178432586 -6.779094289603886
1.08290818502404 -50.17329311586967 50.34310982998298 -7.504344386076478 5.7132261899966
8.559018730026963 -85.27685613655676 -58.80198350339032 -4.607147792710357 5.283326395565304
9.78545508161641 -40.22957971813812 94.03643983183457 8.702504722844587 -8.031911348501454
9.174052280730095 53.5529995175157 -52.156190306828876 -1.8902877288902697 -1.595817652231812
7.981415103828344 61.74168117366423 36.42462004368642 2.78558369641096 6.744882185793525
9.428228369919658 29.509675332299224 86.05919128561717 -1.1365778953653702 -9.77152261285686
1.8081208324060496 -37.51132415938516 20.152251311997603 1.5339485524520864 -5.9968766695246405
2.6691535956637606 -60.644444751036694 85.15761539107899 2.970071839251194 1.284462410197083
1.541079164398964 66.57328418723563 12.465598153432666 1.7310425553505162 -7.956628484491162
2.4128117266506477 -52.565061642665654 89.08007492597832 -4.252502914109176 -6.04126605810219
2.2749307510255576 99.19878618183517 -72.4373383024674 -3.491201362969809 -6.204823048057035
5.292327028378389 -18.845274352829364 89.19563885142671 7.275985371224355 -0.030255340465544123
2.00213031242197 -91.15727834721783 89.0838111559035 -7.947237461153458 -0.20450951156282215
9.000298700674012 -83.4686211805591 36.797244185043525 0.3888055829046273 -5.826595131421122
4.217888976125744 -21.53626805841155 28.553797334599324 1.6232846453203624 0.9681855634524048
4.8172848419182746 86.91121892294095 59.94401569388435 4.26912412059556 8.792276743975943
3.413915622767929 41.25216870031943 -1.0953745426380124 2.487052645424244 0.9387721871522299
6.053280635672246 -58.83334638645519 -17.67082672056695 -5.301208451581907 -6.462510440155722
9.6994150418309 4.423169580996358 58.16020633616509 9.912444840372675 8.265476351139828
8.93565327290072 -85.81626506657072 8.608115461910543 -5.818966240106665 1.3739567964366106
1.7149446689499572 -81.09904432270467 -28.93969121964099 -1.7116605881228466 2.1279483466722304
1.171955493275171 -19.517069963827424 -15.887776440503472 7.176850227695478 2.270003493925877
3.440932555414523 25.45345800376107 26.416912337270688 -8.368949459044618 -7.620870805017956
9.79780485005724 8.864651938470061 -86.87848905206641 -7.940935423315816 4.901745223886957
1.4210378720429069 39.905101119397614 44.46704818396418 4.540549053553649 -7.667515091213726
4.40682637023667 -63.39849235896546 55.8162557915023 -9.889677664683415 -8.090369542587673
8.40869154244599 -41.02924524182916 -57.67197168935594 -6.501630403613403 2.0354676903447455
1.9623211695895866 -49.804159721874086 72.59907541310812 2.4642819847138497 7.869693953693911
7.554717701259247 72.85413553966248 8.136977309361868 1.2699446008637025 -4.403926981574848
7.536141705964939 -69.03948585234289 -44.85439936921678 6.617253788866023 3.9988335302374907
5.365630752139748 -99.2635943086903 83.63655658550346 2.25548972885084 9.71016273189274
3.7503672454235377 72.54371999743887 59.98339827405505 -3.1813879737596418 3.0011634045843767
9.786527631243851 -38.353983921531466 -58.9780753421884 -9.918239969363594 9.080279295443304
6.495104003959852 -54.319863748107245 89.08713135937936 8.51084487633841 -2.800831958990875
6.916235825427704 18.4289614801952 -57.25234855878638 -9.398026551820589 -0.15552452474791068
7.04466136683589 41.722611643248115 -13.956720794474393 8.388156978006208 -8.72520342334353
4.447642911088584 65.63488708410324 -48.880679674100456 -0.8432218916081737 0.9870911814326089
2.633651808945793 73.03490106428697 27.43926817984415 9.394413863941931 6.714772670113952
7.734072572749571 91.2893161996937 -41.771487507949146 -1.0511592882824097 -3.089738266095363
7.385345678633542 -71.55970817711 50.56436637072733 0.5421816716653183 4.072244031263308
1.7123916340519425 -74.56283884583421 12.782934734875084 -9.41274229123855 -9.912811844610683
6.018864474703947 -75.4385972328875 -67.53091294356884 4.4460207102132365 -5.012453043138443
9.650721463118135 -11.635288070528603 -88.64710486670242 -6.571707444752359 -8.358134184832304
7.672893962906984 64.91461977660785 36.821606306412264 -6.036360682382074 -9.589388644188432
3.8714209244242754 18.873289276290592 94.52868298000197 7.013248535963566 1.8378294964848614
3.4056903535617047 -95.50436240326596 14.531039794679003 -7.254129721529619 -2.9434973037512453
9.092474204150218 92.76734347869737 99.46900983641629 3.4818530961375913 7.523490718221073
6.784955426830307 38.65502811431131 32.61605180490295 -4.377752221486537 -7.468638238392497
7.097602485173309 -40.541826465235346 92.27828188911948 7.692707283441713 2.8184632625657375
7.826804324421822 -97.4278967718442 97.70469647246955 -2.749505123129163 1.9531912603197235
4.762772300761791 -69.26718375462102 52.67144721955822 8.591767726969486 5.441731156147519
5.57478881312269 -0.05068030016568059 55.82576391841724 -6.755464620879166 5.199377115927696
5.887293009995771 -40.95067330816169 -23.221790197670472 -1.652335102008319 -1.2172373422043226
6.088454259225384 -58.19444639302691 -72.46747253685879 -6.032440404361246 5.387576107852897
8.86516830095703 -50.66555676308666 -48.26850729921048 6.123317248423806 7.946570284502897
2.3055035838035014 69.29314153048148 41.47035866225144 1.706348022319947 -4.635554636924171
3.6951480307326445 91.55927770320113 5.457271881402619 1.866396783935258 -8.192244482458504
2.6012095233054864 -9.83474040395977 24.385423010135085 5.808418645145686 9.963292353110017
5.131274087839095 9.676478149154534 72.99262667056618 2.6693761785968544 -9.915019599833023
4.420108460542247 -58.2807054143762 14.444852846458886 -1.6619494533070185 5.864425826093731
7.062102801508161 21.134691455670307 32.558417823665735 -3.1600198223282616 -9.902609171540579
2.5409057436978353 -53.33751580726273 -67.433099283929 9.505191801371364 5.367273645801195
3.36626430412073 -65.05516923740097 -27.874182417314827 4.437988616510333 6.044212263866132
7.539580491353864 -36.96732052939635 -92.736617914365 3.956382366591747 0.2896222039961138
3.3131308133655897 74.35567519530696 48.49665567741215 9.171325757705084 8.882519929786802
1.1582769019318908 -4.129672581660145 42.00008332615977 6.254698574032275 -1.36311317152831
5.705251774196393 -94.14726079254372 -71.15312054146955 2.942586030413514 -5.272258472824323
9.338483009045405 95.1619595880019 -42.95224532863138 -9.649581289134288 7.86561366433871
1.2173814940101648 59.71243941661504 55.078473654158984 -8.183907485005445 -8.284752871076059
4.159860182801084 -97.164880807471 31.857227279908926 2.662686336353577 -1.444262389154833
7.083991710286407 -5.606266827944822 -40.801835272972966 7.689450198405158 0.053706043155619554
6.8958684309319604 -37.477375045096736 -19.04610565937128 -8.495710269101831 2.9015023567406946
7.9850914297663005 58.497786467236125 20.30724283721554 -9.759827732129597 6.69562075059374
8.384715593610672 -72.18371166036901 47.14659818073912 -4.339205976033549 5.041649608713385
9.263139409458425 -91.96900480147326 53.105969188479776 8.260653281308969 6.511077263888442
5.532279340562044 59.11232658463982 1.5573702598995283 -2.3586771895801277 -1.273750111381652
9.727932648821474 -3.5282680796468355 8.265051611187431 -8.478536362799161 -0.701805388419583
2.8167421152739776 -47.45502216580817 99.45743708570225 -6.022281009841237 3.61700878955806
8.780690214156328 87.1976594852434 -47.452467631836434 -7.245767315255314 -5.800623367730342
7.914741695001128 -91.2232364855599 68.71713893740531 1.4007655220597641 -0.7783219271200146
8.656025551293428 67.5963107280877 -42.333566716059835 -6.691060111769334 -9.399985081894467
1.9414299287057348 30.589410503935568 -18.385039530561116 5.095287023733789 -9.992007980785173
2.073386628962095 -26.493191350772676 -54.48078102448275 -6.391626942894177 9.701089871622596
8.1640477724693 -67.70404369503105 -16.860180046878696 -6.648246207229209 4.6461960131752775
7.032038693230073 1.1103011118600392 1.7601225635016675 0.9257725675004274 3.3458417905726474
3.6245988982739568 52.73454457193739 80.36796598069137 -4.715413589547661 -3.0565020026660488
7.30705889224157 85.25236369652725 71.18103631189726 1.0118505972860632 -5.575045296728057
8.43800181359038 -51.823488112029594 66.0213647160312 5.5144553312906 3.7422175339891943
7.999438060121847 75.60604434348522 -47.357693936076515 -9.34673173781875 -5.90379333368838
7.678457364813456 -88.56209453152017 20.43222791328097 7.981658216006931 -7.3311768601800615
9.601559363020314 10.205175931537 -99.05493943057195 4.754752665009004 5.446232537208573
7.0545749259098685 -2.387956965144326 -19.186093347632152 -8.750221878383918 -1.9413962972951087
2.434685058302774 -0.9148240801267775 1.5983731741066691 0.2568919341558704 -1.9624876042175217
8.912618385420185 -99.89292253748343 42.492101471680996 5.7962380595761545 3.5164380930986106
9.053909721696112 69.3061767766172 48.0926278708892 6.518853725698204 -9.89120115363674
5.430416753769451 -97.75188644476731 -53.511231197186746 5.332463798670435 -6.229490452102167
5.161124483197974 23.100990528976666 -49.22005386897923 -2.5368799790358354 -4.328274173219255
7.7978817543942665 58.369817273707156 7.757458434614065 7.321901226508896 5.122507127639198
6.630675157431397 54.042505615946794 86.20461367916639 -4.839413353425222 -8.017557831149343
3.2103316960033554 -25.61204440890515 -10.343428868293003 -2.0038765350279553 -8.740511166939537
6.065123555459801 -16.42240919695203 -55.06312962694053 -4.537512627703297 2.757359301319088
5.487570494838978 0.4685375312034239 -56.326709930605645 -9.6988155321268 -5.467682965461657
3.5527000264209123 99.45338259326883 -26.968259538154797 -7.170423747231749 -4.086824855366529
7.990637894263385 42.53425483838623 -62.994360875219726 3.5688996548538654 4.072623568720637
9.015109254513792 -19.96957657653205 7.970304852820291 7.796453187542646 0.14240474845876427
5.35145147008236 -33.92919115400868 -40.73630710952105 -0.5489015436286397 0.8362947155655398
4.654781236484762 16.21066981469275 69.52088127983623 -9.243234980327859 2.042040428416538
1.1837203095670734 -57.179390135807374 18.08688533858158 -4.4800193095379885 9.812802389621755
5.432613309376317 -51.321992493817035 -35.559964937080736 -5.511853357789443 -2.5601970008013852
1.1904679182853621 -87.18733185404695 40.06847956895086 -1.7038139483546608 4.289583934609942
1.2243871669345419 -97.07189373671427 16.002226438674484 9.174239316984018 0.23692124938443904
3.8335025483365635 -5.991745979866451 37.299045401794416 4.180472090767555 9.894165813423285
3.9985905778400648 -66.3072526294382 39.457977138260276 8.148426464460218 -6.407674785705309
2.663100615162489 -98.82522174700719 -11.215909031492416 -5.218330104505542 -8.162167235625581
5.745578700876668 72.9546619479687 63.33702706560777 -8.864190014585404 -3.335476086303606
3.591652386367538 63.01837362533402 13.512931737197874 0.8465304587858782 -5.062631405104776
2.968915283740817 24.183424943642365 -93.55718449042982 -5.309611639553092 2.983498620410545
4.5382118623609955 59.113647309486396 64.82075640573552 -3.4831171513519887 -9.901085031982229
5.530675658336709 -48.83138819662902 9.503819027586431 4.4059064921777935 5.623589609148116
9.887961490570227 -67.12629691542858 -59.84493618449038 -3.175877474575466 -8.642746910768462
1.5305909419063086 65.75335572208763 -46.67664778549039 6.604455992825688 6.597584867862889
6.944013369520038 -21.339626984647026 75.67591369722732 6.720296678432263 1.788273047384699
8.826231394978722 47.828381109763654 4.45210579034088 -3.068916453818251 4.886416743276683
5.898587235537128 37.95993241871878 71.77161547889648 5.30461561975671 -6.003616250213528
8.178491201501851 -71.20873722017896 91.67406280233885 0.267859454718927 -3.455702148135334
3.818332182872573 -46.859898817943524 20.32893957849062 -9.930641791408421 -4.306962174124784
7.162938101987643 -69.3011590384077 -68.88788904195597 2.8180432820676202 -3.819200302775827
3.453094738728539 -63.326633294492 28.56837585833597 -3.013511729922696 -4.5451591910222096
6.042933610824938 84.83324522787944 -87.71024511203245 -8.11891668266261 -8.245472878548846
8.528732929604924 -67.27392281522503 43.485289453029026 4.178253464696462 2.4049291047168495
8.988391521085155 -44.050884805708954 19.172527148419732 -3.4331404399511944 -5.998378512622029
9.325709522658682 -13.267094065541457 3.4677503399669547 -4.049810046965017 -2.720284353063853
8.10732647847896 -45.39744913744113 -80.74680783184982 -2.9770889371555054 -5.052193199938273
9.17588752367693 61.375899380728214 72.26687329483465 -0.48634795724917623 -4.679405819509488
9.55007072056357 -38.10149831954379 -83.71572745843652 0.029877015097113713 9.331039533377414
6.851619726310638 -88.80096002433837 21.41262828946455 -0.9188529486390333 -3.667280802664303
6.72946156280673 -24.731798834986947 62.58846078435354 -5.000427028033878 -2.7981881153924615
7.2884842849354134 46.26411190372923 82.10099960038303 4.954627154312901 4.6267980343044215
2.7121233120738317 -8.575846164948558 56.92336997607242 9.801519912027963 -0.7820768808316032
9.320860873080072 -23.05042428724748 -2.8967865896818807 -7.314932257261528 0.7278088425563727
5.609368030050932 -57.63686687607592 69.88255955042709 6.246835600515656 9.441268500434457
6.450787299259151 6.806826349248112 -16.652943492937695 -5.29688314678795 9.566310850197084
1.1639423657342474 -60.35353212698888 -40.078071751338996 -3.330160662345028 4.24529627747898
5.689758001604421 -11.701610904450803 -70.04041340108058 2.6851968745503854 -8.770432752207215
6.319157282519443 -99.49237542991625 -68.5603741534389 0.9360011016638818 2.265091028311483
4.793260040896303 -41.32120480490655 82.45764315263116 -0.610143001850938 -3.319970588989138
1.0123745219109477 -51.57030222227434 -46.51426683224793 1.4437929053203433 8.731785987402908
2.156328331041263 47.5836904940584 -57.80103074368159 -6.526369584362676 -2.3794112680402435
7.419513072374294 -79.79426704008104 53.743769107106004 -4.408615876246353 -7.61670394792101
3.768489833895654 -69.56165851440545 -61.15567767155068 2.5724941404728323 -0.03580207855207185
5.570671413063548 -34.50048580266969 -93.24005883859121 -7.8959391417984275 4.940343823427192
2.8266841419699595 69.26908246148162 -94.05748414480672 -8.123987652260025 2.826627613249153
8.16781265000096 2.7938493262698643 -27.851860221613208 -0.05582683482350248 6.219431642879492
7.15583665256402 48.435506772795634 30.769163818498356 -6.457390120505078 -4.349385153043794
4.132455199459403 -76.02400677747295 17.9276673622459 -6.53203890953516 -4.242832289334697
6.990481646528214 -34.55170249810979 68.43740349449087 2.1195216787465405 3.4396623938117337
2.6810862078822892 5.092971011091279 34.47128165643721 0.4754035074607703 0.8389150870591866
5.744387927766125 -95.3403337883737 98.65261454165233 -6.1832539866995155 7.692982489266846
9.01137065159791 23.17087166408507 -63.040814938311044 -9.662243429446276 -0.09791800629455771
7.659481699838741 42.02009665586806 14.207204458396006 -5.5394482413664115 -0.7983240996849048
1.6564971529277495 -43.327901688772606 91.04459315088954 -0.6854824403912865 -9.880573720712292
3.8975303017737715 -71.59501435763549 67.15215665301523 3.901922655968935 4.773124744207003
9.331284318214111 -89.38416680668678 32.08444713169999 9.481229963436089 6.958484819304836
3.227925852146025 34.59180241611915 88.95385867548572 -1.072207335680421 9.13207696307521
8.138220425148937 -19.76563687157163 41.26439759010941 6.84881976287415 -1.4318608947355909
3.911648627873939 -64.62493947507566 61.58818307932856 7.216494898552067 -8.494894173556183
7.379993195229345 89.38830749389274 51.65934688876598 8.654767432162188 3.6214353575206264
7.745056769073573 -77.20099275047008 -69.6110498960611 -4.263076835071608 5.6289240034961665
3.4468840309950357 -12.826010662607416 -61.035029759863214 -7.004695950719748 -8.058398136496814
9.594426959456129 -7.2026856138834034 41.25734408921497 2.1715841541679897 8.510159599940913
3.8711724656661417 -9.205081227757688 99.21717131882451 7.626851065795162 2.5923090417030252
2.0344384968874567 -29.54484467105523 73.91228160901557 -4.364841269707592 3.5410011253768516
2.14723942029885 72.35022954778921 15.817948918136821 -4.331392417591484 0.880845726354023
8.724045682564174 -39.868419021347876 96.62140821464052 -3.553829298648634 5.265280436341991
5.293464292365641 83.49860602810978 18.667862344558174 1.0242160138978988 6.483361616206924
2.6715624828805886 -63.379761395813446 -20.636485030806085 -0.45711817165855706 3.6111132216064448
3.361750776796274 53.26628172005405 -55.02623705409127 7.033570181897446 4.561542950919135
8.501604549092074 82.51178721712168 -37.28711423582909 -7.69538164758462 7.563155050859919
1.3104682566823525 56.95619625300233 -84.68688911865615 9.050290815482967 3.603466001009167
3.5260479008393535 -20.524814835760523 85.03698197919229 5.478295772861264 4.89290700685126
8.9573240269684 -27.149625176286833 -45.41153355394807 -4.714451618650235 -9.744554451605792
9.76354253332137 63.486724455474445 -78.39445473746275 9.268779301830264 -3.9478190582549733
8.109876330929202 78.85779614659009 -78.2340349247999 8.558216090351806 4.585778296336226
6.831378570906079 -13.461449739171513 -71.49199398955957 -7.454810454550664 1.4908915581940008
5.698555828405481 -7.489422206593318 15.01406401094907 1.7892737934856946 8.588455914562733
5.8060211254116485 45.499905319658154 -65.91784768532803 5.440863262540391 9.680571887069608
8.789276001580324 87.35218665422656 23.381449678543547 -3.98524417442599 -0.11005897938091103
9.41511814746117 -28.498672848183375 -58.2553862407428 3.1089162454845525 0.511998358341252
8.059513169629914 6.100293700444695 -18.01259979505177 -1.5259074082069333 -0.6115642894687756
7.257820010908037 70.13732071376984 71.70922675238063 -9.320319564554616 2.9071706353598117
7.54499609091936 76.97456198316789 -3.637051445464465 4.608260553200408 2.5075760276980965
9.261889797071975 -52.92550493133233 61.898103470315846 -6.5678029118761945 8.74838935908717
5.927542887780556 -1.6314735007976395 83.8213278663344 -3.6951017698670547 -5.67115970640693
4.375651955621976 6.091988986287603 -58.79911104013886 6.436452499716584 -8.592993167208933
8.959532444585637 57.28585356622179 77.99113877413231 -6.247762503241406 -9.587871694150598
4.574735330815173 31.627390601223453 54.42864124867077 7.037998724321135 9.593952375950476
7.254244961409865 -44.72446355775232 93.46487994504687 1.182245541685905 4.332943150126944
4.0757322930384206 37.71558660313937 48.65230387168907 3.1389660658971117 8.301195871628117
6.248963902669189 -68.19022952248301 61.60201112307013 -6.233609417151849 7.272884279318259
1.8519266872337024 -57.82436070133479 -48.786651671608716 6.797578532773549 7.713069701493652
9.24173601984092 64.34018209251349 -92.69959166801654 -1.54909483506259 -1.357939601271525
8.120404478983783 -73.96284121030581 -79.93542100906413 -9.551097136630792 -0.7192043702698072
7.936050384539384 29.66001792093101 38.806226933843675 -6.581762709946348 5.2565372956117695
8.961102155463465 15.163474151120155 14.2371467121488 1.1629530533516164 1.7554793411243956
6.703235952625856 -84.91996367392093 -81.60140781984487 -0.36178044490959493 -0.17015831335458387
4.3841056713064575 58.028425479729094 85.34265309108665 -6.870479833728318 -6.460502530572487
5.57688050221139 71.5595683563242 -61.1140510898976 1.4218470455872563 -8.234206494055938
8.024470377641245 42.86319759420002 65.32952193904956 4.450826382866431 -4.051903699189245
4.52223783162093 37.23096078984324 79.06955896701419 7.330544582742601 -7.073385603861054
2.1563710152236077 -36.7068775332019 -95.66819478358013 -6.173460980441177 -5.2013643703613655
2.120911650234973 -84.21412060244944 6.235525162482446 9.278153367361007 -3.3793459939269717
9.391859926102343 32.776437153709765 -41.51646779997 4.277623988050117 4.657261946580281
5.705347052104631 98.71940581158111 39.42646019192634 0.693728163340932 -2.6327737690559943
7.602082723346137 -76.355607941228 -49.760561428084074 -4.7602215652482744 -2.8264755392606062
9.382393914480938 44.18890731560066 -45.982877132418174 -8.205881977557448 7.5619327341946345
4.48788508951557 66.72475068339071 -90.96467541701875 6.302425093833612 7.237551528257139
3.57894611100613 2.9653189060420857 38.289556963221344 -4.878878858887852 3.6267435674245228
3.3022799067719353 -63.41492625892033 22.46417440624633 -6.095742366423245 3.827187723212413
3.343835405379643 -23.547668696968543 83.92689492929537 -1.2025956265719628 8.784695789675599
8.593075905031224 42.78683944006255 -14.414980177149502 9.801591150287429 7.6607432015208445
9.18453453085247 84.91100063981807 -94.00951417883321 2.073521673385926 -8.497960404294172
1.4751903098279409 44.974290908677176 -30.80075629421819 -1.1578106492309246 8.697293071149513
8.992034140516541 -56.83845209923568 -85.89942631429012 6.326595670962906 -7.679542855210332
9.646726826657384 -25.048022060581502 -31.808352274560164 1.7873332026097373 4.475765678208543
7.337367859024719 -19.436317320661175 44.28098619606189 -1.0945384994085732 3.742073892530689
3.7538304597544876 12.761184849454537 -98.01014698394799 -0.9593803761984194 7.5348991181930245
9.642825053311638 22.806726322918095 -36.88722606108688 4.301168259305847 7.892912147929355
4.30789340790872 8.628422003942376 36.712227395706805 -3.594470516201886 1.435172737162647
5.885895413332093 -23.569717067126632 -22.233079596356518 -0.6627717697411839 0.27747250927957623
3.194826086996614 17.711120557010958 -89.18122045615127 -3.2040915842836544 3.3400224123952142
4.016062927224124 60.626693019158864 2.9706244096010153 -2.885951627992882 9.534761864439037
3.1221855485599885 -88.67016890287826 86.72739496774986 0.5071020617484816 5.364507971872047
5.22123266300083 -77.08391243662027 -68.70475661155547 7.904809097288847 -6.577820461201451
6.885641064646161 -9.98721212309097 -54.06628067530761 5.983365839685227 -1.430589018254885
6.311818635439193 -89.88656238827217 19.14909582660556 0.40999212898654136 3.291999337851003
4.273047573970626 22.32026759790422 58.90558176700989 -3.9066210887722352 7.710250755997347
2.800414653006777 -30.675217661811516 -98.71486961725839 -3.1486316728026047 5.102768796892839
6.448776694251163 8.610663805763721 -28.168737008279905 -0.22898706179987194 -5.625226881191169
3.019946367476444 11.551474327418191 87.71531017903607 2.656930019679253 2.7423762490035166
3.5908244601264965 -39.76056961175964 9.752091456301287 -2.7079084754572396 -8.254882426014742
9.020132394652961 -66.35432815184832 -42.76325132040453 -4.836313746605727 3.239029310334347
7.25840782582118 90.44493300898205 22.19119329744153 5.734261483863698 -4.812875719883875
4.514185713874374 -37.245239677309236 -47.005278371715086 -3.531004156390507 4.215627602332182
6.586832024111841 39.17545813308206 62.61627195978505 -4.28271057269098 -1.6399129586374066
1.7360495353066812 57.013204627599634 34.850879068729085 3.205968978498749 0.8578192675239471
3.164925571284244 -52.81948360003219 49.73542565500787 -3.8719284832425966 4.165377240715664
8.04781179623053 -42.29047414614377 -53.21364589860804 7.062106898810484 5.925116247067962
8.287605668503026 -2.2722478355332356 22.38355854875107 -4.95130688290824 9.834107712582338
2.1044349083261737 -47.26294980864494 76.11990998841884 -2.343399081231878 -8.869593277214516
7.756551986126027 63.336114256765995 -40.80856429737392 -4.997197704462188 -3.861715149741986
9.814842939992214 2.665988777507451 -72.75099888000283 7.128624556645665 4.620767272431641
8.653291790489378 -17.199717787049423 2.4424741489474258 -1.4586971179793053 -5.869609632103369
8.537893858723407 -98.0682592616676 -18.800054938884173 -8.732376258703008 -9.07383282697907
7.695535125273003 -42.63532245641104 -15.515944892701413 5.249596661342453 2.78762193559192
3.520581401212154 30.111214807124952 88.10580395827992 2.7130588685951924 7.264963920228322
7.470113893574953 82.45796703280317 73.21225869104924 0.11142949634088062 7.145822716216621
9.255288950246102 89.43822376793534 -82.70617731088991 6.712818102529351 -8.793873512003413
9.747808176797408 -90.04388757693383 -18.81331154266492 6.743671222543956 2.5253968224007295
6.924122746113011 -0.4916951893474817 -9.113480393643442 -3.23961284509995 5.8848268367851
8.145727515001902 16.237564291451733 19.823477591594823 -9.538583779701712 3.0967900099426977
9.05844092140612 58.61886453446263 -8.317382433667646 7.373473033562238 -3.460677682513449
6.626156457547236 72.42657111587775 -73.04181322869971 -2.2894965845003146 1.0177805684933272
8.651083564211365 88.01603217436607 69.69253623695658 2.051853555311114 7.767778928535424
4.863627291886591 6.797906305889057 33.498878888715666 5.550890044400587 9.899609817029152
3.4486655488904607 -25.434856355929412 16.379187130183425 -9.07522539741132 -9.569841210360238
9.787869670501879 -96.67220904825855 15.08628855695973 5.034311929638109 9.173214955365847
6.670506342633731 83.15835777847172 9.15138076007851 -5.040539645115136 -7.250320936878469
4.12445042447018 70.21159366355982 53.714218628536 -4.0415862597176915 -6.92593720261844
6.9928584006045496 22.575845515980333 -50.07652109934537 9.3935557105285 -8.345914766791084
6.280192817114238 -98.84171997717652 -55.00575961937191 -3.5324995898842033 3.6358234078857503
7.218697356550632 84.33296825718517 -15.271518586281928 -0.17542964295651764 -7.0943236168796915
9.751124855290646 -84.67115461638848 -22.167919286963937 -0.7635670612435419 -9.48730375260734
1.6939327991022817 63.751824623558605 98.06882387666681 3.6889044141821987 6.6137871121708685
5.241180355196018 -15.814880712120711 17.4833876323778 -7.994369180617705 -2.006331891697135
7.596933446432998 -72.37633632305301 -17.516259757543523 0.4631630380103289 -1.7028351838988662
1.6658180472386668 -42.7625323337709 80.55578489244937 0.5749781979556605 4.526811975830816
2.5093624318550614 -14.329015513134237 -16.66551658976188 5.263438751180992 7.8875001192462975
2.8230418189828113 -99.54740157219604 3.2341996701685645 -9.444277560434887 -2.514000094269388
9.395199707669573 -82.37377192879109 99.97489816147319 -6.68669705987567 1.5100014925156895
8.976198988522441 -22.778866790550452 35.07302929034799 1.7248864485527733 5.727104768963631
8.428998059823115 95.22831000975413 -45.82027480342035 3.457557919060344 -4.418515394372202
7.095846957679613 -4.841804801206905 -81.77941196313228 -3.8612511468827133 3.709437607142174
8.441378392479617 -9.351957528411731 -66.78495604757724 -4.258079112914894 -3.6504994154976433
5.622490198908737 58.052389555454056 64.90993261446519 6.661229963798117 -0.3299043965232755
5.280072514383081 -33.09229618033309 9.87971312714049 2.6202849512018744 -1.2269836990668317
4.404113107346262 -44.1076774848075 -37.910515109989106 0.5275406065223933 -4.752308405345465
9.66088772058779 -35.66850194616309 -12.663882564864053 -1.6304123736303033 2.577656388098397
1.1469757340949536 -6.250990748608459 31.041785589833353 7.939793103797758 9.838928301573763
6.534395776631293 -15.344786195916328 88.41914113217771 -3.249586347325664 6.984898736148768
9.176436601562564 -32.152236703498204 -88.65469185774076 -7.380874891960221 -5.156097611907972
3.9512547842240036 90.84618855572242 -85.91996154474697 -6.671603627771578 -5.431955975264142
1.0283275479936578 -63.817418349305456 -70.72794350973993 -3.6923060143733117 4.351032376612757
2.297829453784917 -93.8319233050555 -61.638954750782226 9.566155906041807 8.505466210064068
4.101994135470356 -64.75210738829139 3.779904494287024 -2.0622134281824644 4.8928278230036355
1.621951506731959 -1.2194246744001873 52.63440667356258 7.566421628362125 -5.671007659647433
4.230317889893037 86.56757177537816 60.658897953953215 8.039848757755848 9.58548844967887
1.3817186339992282 -87.42614457356213 -4.764161422055707 -3.6235624889378766 -0.644343074487967
8.777509920024682 -36.56533785547795 -4.897458380534232 -1.7645767276492652 2.658184925757576
7.281622515598938 16.72136233626472 -46.74128705438185 2.8062132830489688 -2.126292856008341
4.5548731673773 -24.102714934024647 81.38542112899037 -3.3621713541531406 3.4882287777335357
7.28893407514298 -75.05569799438007 -35.69431264203227 4.3151805133515335 9.92071544368348
6.24654212212471 -38.61247891348285 69.85589939817422 -9.680209613428216 -7.876505137701968
3.3512201615054966 -23.910229759852314 -40.102292903894224 5.709964604300609 0.779776667855332
2.6176252803643205 -70.57220785641522 40.13768617719998 -4.674467649031215 -3.1443823637389396
4.513783235840266 55.398323855670725 9.138596320722286 -2.385148148176846 6.446042802649906
7.32979527805273 67.02930385706861 91.7564565449486 -1.8308095867665344 0.9601435468264956
5.12112625689603 -86.29789740960827 31.900854779387032 1.6021273170995975 7.6336121013529485
7.632680847389412 -45.77788536938814 -75.8163946721616 -7.182220538476116 -3.68504822097165
2.5231309244963667 51.16953043522412 -97.85978856305402 4.08560786257873 -0.847506620386195
9.401733559162226 23.312597254261178 -37.034452829501355 7.221830269236239 2.0292399121615112
1.8802883020966736 57.22133301935412 92.84312490287004 8.328912820190041 -3.8865940344779393
3.2301782187763046 28.355637640568887 -57.05904234771009 9.303700304625938 -4.105153988969592
6.76996868169458 -35.216127018419826 -63.301906596872534 -5.586806924554204 -8.543236446515415
8.907480135246693 85.42040473148361 43.848936902328575 0.5704961659562677 6.074900490630085
2.5892499631737906 -58.66467817652252 -5.511286014416967 6.023467644430287 -9.396826181512807
4.992758334243778 -22.611413266296992 4.1916948032518775 1.1733132272108655 1.7867710965102468
7.200396113029332 -35.253423219547585 52.389866122423456 -9.523500522731217 9.156767142241403
3.862703045163932 -56.87362942452418 21.729630782950892 9.016197352869831 4.34338948952076
8.718466823381878 85.82137947130366 -2.0125161005226886 -2.4481498782091515 1.8089691129998862
2.3024726111153617 54.82588932210086 -80.8463318994113 9.764947251655297 -2.1625076165345103
5.481820829031988 22.82600305595099 33.75316730730242 5.411142810631468 0.23259860675949717
1.2646500536495888 -5.888380403165371 -59.373218082326716 -5.665645313016423 0.7203752185686234
3.7197083763196646 95.286295975858 -34.33685497148133 -3.7040014409471222 -1.2126388494102276
9.345615496737741 87.9412704033598 72.76111295708404 -7.225124193726542 5.707946851212412
9.402629906182703 73.58386104560324 73.16019060239279 1.751759827454773 -1.753865913502299
8.40802873456186 -73.20998636031224 -70.8832915174215 -4.188119341790635 -2.322039608656814
2.3649754565223504 25.276719876709592 6.60942401615236 6.323816530493417 -6.810151711120607
8.233890960824672 85.980055345024 98.39661581871408 -2.0643825721572817 4.9708180240324005
6.509693502163208 78.82244739214457 97.9794595896075 9.774831351371922 6.98562089959519
2.6423665746288894 -70.38109622569075 -95.73505325156071 0.339331517798767 2.9642037489108386
5.315815456694779 60.57581723778779 11.689212837289304 1.941098662230484 -8.860142778020954
5.095376585034955 87.91077162360784 -8.308387755176355 -1.3852443889285126 -3.0972095078037594
4.466103183793557 -39.283443512478186 -78.34993137240598 1.0927961313026913 2.427896502023261
2.5350109593169563 38.98545526357583 76.11405640177904 -5.465533523057619 -6.053413748039864
6.919393048908285 -52.65776949583814 -82.81472472827305 -0.2617574577429096 -3.8746412893660125
4.227970353692633 23.011455991553504 75.53999490168789 8.114193791829141 1.1349510084888959
4.339537340144771 -14.353265588798465 -78.58457786724489 -5.681648397532593 1.2631731264282315
6.220829446795442 22.40946744644978 -19.487108442862095 6.433857614909353 5.201248590142644
